# Result from steady state upscaling
# Pressuredrop  Sw  Krxx  Kryy  Krzz
1.0000e+10	9.6549e-04	1.1460e-08	1.1460e-08	1.1989e-06	1.0788e-13	-1.8657e-13	-5.4495e-16	-1.1953e-13	-1.1355e-13	1.0788e-13	1
1.0000e+10	1.7672e-02	1.6050e-05	1.6050e-05	7.2317e-04	-1.4837e-10	-5.3121e-11	6.5273e-13	-7.2384e-11	-6.8404e-11	-1.4837e-10	1
1.0000e+10	3.4402e-02	7.3505e-05	7.3505e-05	2.5531e-03	-4.8045e-10	-1.7080e-10	1.1970e-11	-2.5709e-10	-2.4065e-10	-4.8045e-10	1
1.0000e+10	5.1285e-02	2.5757e-04	2.5757e-04	5.6642e-03	-1.8669e-09	-1.4013e-09	6.1267e-11	-5.6222e-10	-5.3769e-10	-1.8669e-09	1
1.0000e+10	6.8452e-02	2.1229e-03	2.1229e-03	7.3743e-03	-2.4609e-08	-7.3520e-09	2.0921e-10	-7.3728e-10	-6.9937e-10	-2.4609e-08	1
1.0000e+10	8.5072e-02	1.6118e-03	1.6118e-03	1.4624e-02	-1.6124e-08	-4.1859e-09	2.0271e-10	-1.4663e-09	-1.3893e-09	-1.6124e-08	1
1.0000e+10	1.0157e-01	1.0603e-03	1.0603e-03	2.2233e-02	-1.6191e-09	-1.7275e-09	1.2202e-10	-2.1778e-09	-2.1048e-09	-1.6191e-09	1
1.0000e+10	1.1817e-01	1.3735e-03	1.3735e-03	3.1102e-02	2.1172e-08	-1.0087e-08	6.8277e-11	-2.9632e-09	-2.9546e-09	2.1172e-08	1
1.0000e+10	1.3523e-01	2.9759e-03	2.9759e-03	3.7604e-02	-4.2898e-08	-9.1213e-09	3.3252e-10	-3.7993e-09	-3.5484e-09	-4.2898e-08	1
1.0000e+10	1.5197e-01	3.7677e-03	3.7677e-03	4.8334e-02	-1.9926e-08	-2.1167e-08	1.5490e-10	-4.7639e-09	-4.5635e-09	-1.9926e-08	1
1.0000e+10	1.6865e-01	4.7868e-03	4.7867e-03	6.0195e-02	-1.0604e-09	-5.0153e-08	2.4080e-10	-5.8678e-09	-5.7250e-09	-1.0604e-09	1
1.0000e+10	1.8653e-01	1.0864e-02	1.0864e-02	6.8906e-02	-1.4405e-07	-2.7988e-08	1.1675e-09	-6.8972e-09	-6.5374e-09	-1.4405e-07	1
1.0000e+10	2.0343e-01	1.3884e-02	1.3884e-02	8.0791e-02	-1.3209e-07	-6.3026e-08	1.0769e-09	-8.0039e-09	-7.6570e-09	-1.3209e-07	1
1.0000e+10	2.2036e-01	1.7686e-02	1.7684e-02	9.3225e-02	-2.4762e-07	-8.6857e-08	7.9788e-10	-9.5260e-09	-8.8304e-09	-2.4762e-07	1
1.0000e+10	2.3720e-01	2.2223e-02	2.2221e-02	1.0580e-01	-1.2151e-07	-8.9808e-08	3.8382e-09	-1.0138e-08	-1.0033e-08	-1.2151e-07	1
1.0000e+10	2.5428e-01	2.8299e-02	2.8293e-02	1.1900e-01	-1.0174e-07	-1.0688e-07	6.0063e-09	-1.0964e-08	-1.1318e-08	-1.0174e-07	1
1.0000e+10	2.7194e-01	3.6700e-02	3.6696e-02	1.3278e-01	1.7791e-08	-1.8272e-07	4.6140e-09	-1.1151e-08	-1.2620e-08	1.7791e-08	1
1.0000e+10	2.8730e-01	4.3002e-02	4.2982e-02	1.4300e-01	9.6179e-07	-2.5584e-07	5.3220e-10	-8.3528e-09	-1.3520e-08	9.6179e-07	1
1.0000e+10	3.0642e-01	7.1737e-02	7.1709e-02	1.3912e-01	-5.1031e-07	-4.5603e-07	9.6156e-09	-1.2327e-08	-1.3195e-08	-5.1031e-07	1
1.0000e+10	3.2213e-01	6.6326e-02	6.6276e-02	1.6903e-01	3.0354e-06	-2.5359e-07	7.3647e-09	-8.6461e-10	-1.6045e-08	3.0354e-06	1
1.0000e+10	3.3750e-01	7.8098e-02	7.8058e-02	1.7881e-01	1.4209e-06	-3.9399e-07	-2.6912e-09	-7.7918e-09	-1.6762e-08	1.4209e-06	1
1.0000e+10	3.5462e-01	9.3084e-02	9.2947e-02	1.9086e-01	9.3307e-06	-4.2262e-07	4.1411e-09	2.3448e-08	-1.8147e-08	9.3307e-06	1
1.0000e+10	3.7330e-01	1.1065e-01	1.1057e-01	2.0359e-01	1.6470e-06	-7.5415e-07	-5.2865e-09	-7.1357e-09	-1.9337e-08	1.6470e-06	1
1.0000e+10	3.9519e-01	1.3525e-01	1.3517e-01	2.1529e-01	3.2751e-07	-7.9060e-07	3.7909e-09	-1.1065e-08	-2.0162e-08	3.2751e-07	1
1.0000e+10	4.1419e-01	1.5152e-01	1.5137e-01	2.3053e-01	1.4659e-06	-5.9904e-07	2.1269e-08	-7.1397e-09	-2.1406e-08	1.4659e-06	1
1.0000e+10	4.8541e-01	2.2396e-01	2.2345e-01	2.4982e-01	-3.8534e-06	1.0845e-07	-6.9141e-09	-2.0722e-08	-1.4932e-08	-3.8534e-06	1
1.0000e+10	5.5055e-01	3.5273e-01	3.4187e-01	2.6619e-01	5.2015e-05	-8.7441e-06	-3.3099e-08	2.5586e-07	2.1128e-08	5.2015e-05	1
1.0000e+10	5.7765e-01	3.9652e-01	3.9645e-01	2.8679e-01	-1.8786e-06	-9.4402e-06	-6.7216e-08	1.5301e-08	7.0562e-09	-1.8786e-06	1
1.0000e+10	6.0149e-01	4.3689e-01	4.3672e-01	3.0575e-01	-6.0439e-07	-6.0715e-07	-5.6446e-08	-3.5963e-09	-1.2022e-08	-6.0439e-07	1
1.0000e+10	6.2189e-01	4.6672e-01	4.6655e-01	3.2624e-01	-4.0194e-06	-9.8632e-06	-6.6049e-08	-1.3979e-08	-1.2506e-08	-4.0194e-06	1
1.0000e+10	6.4091e-01	4.9208e-01	4.9198e-01	3.4813e-01	2.1581e-06	-4.9646e-06	7.4779e-08	5.9803e-08	2.1462e-08	2.1581e-06	1
1.0000e+10	6.5964e-01	5.1725e-01	5.1705e-01	3.7061e-01	-1.1972e-06	-5.1107e-06	-2.8822e-08	-1.8602e-08	1.1014e-08	-1.1972e-06	1
1.0000e+10	6.7775e-01	5.4024e-01	5.4004e-01	3.9456e-01	5.2411e-06	1.3082e-05	1.3195e-08	6.3294e-08	2.4023e-09	5.2411e-06	1
1.0000e+10	6.9549e-01	5.6182e-01	5.6168e-01	4.1996e-01	2.2998e-06	-9.5508e-06	8.4422e-09	6.6706e-08	1.6616e-08	2.2998e-06	1
1.0000e+10	7.1321e-01	5.8381e-01	5.8366e-01	4.4625e-01	-5.2389e-07	-4.5726e-06	1.1300e-07	6.9492e-08	1.5467e-08	-5.2389e-07	1
1.0000e+10	7.3100e-01	6.0661e-01	6.0637e-01	4.7331e-01	1.0660e-06	-7.8577e-06	-2.5478e-08	6.7070e-08	1.8009e-08	1.0660e-06	1
1.0000e+10	7.4830e-01	6.2707e-01	6.2691e-01	5.0235e-01	1.2917e-06	-1.7392e-05	-1.1296e-08	6.6607e-08	-2.2673e-08	1.2917e-06	1
1.0000e+10	7.6572e-01	6.4855e-01	6.4839e-01	5.3213e-01	7.9965e-07	-1.5936e-05	1.1762e-07	7.7389e-08	-2.0899e-08	7.9965e-07	1
1.0000e+10	7.8338e-01	6.7164e-01	6.7141e-01	5.6252e-01	1.7454e-05	1.9131e-05	4.1830e-09	8.4028e-08	5.0520e-09	1.7454e-05	1
1.0000e+10	8.0043e-01	6.9167e-01	6.9152e-01	5.9509e-01	5.9492e-06	1.5829e-06	3.2443e-08	8.6323e-08	8.5706e-09	5.9492e-06	1
1.0000e+10	8.1801e-01	7.1500e-01	7.1480e-01	6.2762e-01	-2.6731e-06	-1.5081e-05	7.3231e-08	7.8240e-08	1.1830e-08	-2.6731e-06	1
1.0000e+10	8.3505e-01	7.3576e-01	7.3559e-01	6.6213e-01	5.5907e-06	1.7693e-05	4.1430e-08	5.6470e-08	-5.8962e-09	5.5907e-06	1
1.0000e+10	8.5229e-01	7.5793e-01	7.5781e-01	6.9724e-01	-2.6052e-07	-1.6694e-05	8.6585e-08	5.9688e-08	8.4341e-09	-2.6052e-07	1
1.0000e+10	8.6965e-01	7.8107e-01	7.8099e-01	7.3322e-01	1.1940e-05	-2.6134e-06	-6.2637e-08	3.5942e-08	-3.6372e-08	1.1940e-05	1
1.0000e+10	8.8760e-01	8.0780e-01	8.0773e-01	7.6904e-01	-1.0724e-05	-1.0719e-05	8.5297e-08	4.4957e-08	8.8291e-10	-1.0724e-05	1
1.0000e+10	9.0583e-01	8.3629e-01	8.3623e-01	8.0553e-01	-6.9260e-06	-6.5667e-06	2.3387e-07	3.3723e-08	-2.5491e-08	-6.9260e-06	1
1.0000e+10	9.2421e-01	8.6618e-01	8.6612e-01	8.4264e-01	-7.5313e-06	-1.5676e-05	5.4813e-08	3.5814e-08	-4.5604e-08	-7.5313e-06	1
1.0000e+10	9.4585e-01	9.1551e-01	9.1483e-01	8.7444e-01	3.3270e-05	-2.7853e-06	7.5392e-09	1.4322e-07	-4.1113e-08	3.3270e-05	1
1.0000e+10	9.6351e-01	9.4221e-01	9.4163e-01	9.1485e-01	2.4454e-05	-7.6497e-06	-6.1653e-09	1.5389e-07	-8.4507e-09	2.4454e-05	1
1.0000e+10	9.8021e-01	9.6356e-01	9.6353e-01	9.5810e-01	-8.0134e-06	-9.2962e-07	-1.0490e-08	-6.2212e-10	-5.9075e-08	-8.0134e-06	1
