# Result from steady state upscaling
# Pressuredrop  Sw  Krxx  Kryy  Krzz
1.0000e+10	9.6549e-04	9.9860e-01	9.9860e-01	9.9754e-01	-8.6713e-06	-9.3731e-07	4.4375e-08	4.8960e-09	-5.1345e-09	-8.6713e-06	1
1.0000e+10	1.7672e-02	9.9309e-01	9.9309e-01	9.3724e-01	-2.6640e-05	-1.5135e-06	2.2928e-08	1.5649e-08	-3.5806e-08	-2.6640e-05	1
1.0000e+10	3.4402e-02	9.8524e-01	9.8524e-01	8.8085e-01	-2.4935e-05	-1.0511e-05	-8.9980e-09	-6.7947e-09	-6.1346e-08	-2.4935e-05	1
1.0000e+10	5.1285e-02	9.7258e-01	9.7258e-01	8.3013e-01	-2.2756e-05	-2.9423e-08	-4.0284e-08	-5.6890e-08	-3.6482e-08	-2.2756e-05	1
1.0000e+10	6.8452e-02	9.2453e-01	9.2453e-01	8.1277e-01	-1.7406e-05	-1.3344e-06	-7.6451e-08	5.2715e-10	-3.7705e-08	-1.7406e-05	1
1.0000e+10	8.5072e-02	9.3277e-01	9.3277e-01	7.4623e-01	-1.0457e-05	-8.2697e-06	-1.4060e-08	4.0664e-08	-2.3213e-08	-1.0457e-05	1
1.0000e+10	1.0157e-01	9.4487e-01	9.4487e-01	6.7929e-01	-2.0776e-05	-7.5933e-06	9.5542e-09	1.5704e-08	-2.3289e-08	-2.0776e-05	1
1.0000e+10	1.1817e-01	9.3718e-01	9.3718e-01	6.3160e-01	-4.0459e-06	-1.0589e-05	-1.1613e-07	3.6399e-09	-1.3217e-08	-4.0459e-06	1
1.0000e+10	1.3523e-01	9.0945e-01	9.0945e-01	6.0062e-01	-2.6337e-05	-1.8716e-05	-4.1689e-08	2.2869e-08	-6.6238e-09	-2.6337e-05	1
1.0000e+10	1.5197e-01	8.9830e-01	8.9830e-01	5.5817e-01	-1.9277e-05	-5.6705e-06	-3.9619e-08	2.3954e-08	-5.7936e-09	-1.9277e-05	1
1.0000e+10	1.6865e-01	8.8571e-01	8.8571e-01	5.1857e-01	-4.3231e-05	-1.5581e-05	-1.0362e-07	-2.0553e-08	1.5979e-09	-4.3231e-05	1
1.0000e+10	1.8653e-01	8.3168e-01	8.3168e-01	5.1063e-01	-1.2012e-05	-6.9001e-06	-3.2284e-08	4.6419e-08	-2.0386e-08	-1.2012e-05	1
1.0000e+10	2.0343e-01	8.1149e-01	8.1149e-01	4.7901e-01	-5.0199e-08	-1.4699e-05	2.3107e-08	2.8498e-08	1.4310e-08	-5.0199e-08	1
1.0000e+10	2.2036e-01	7.8939e-01	7.8939e-01	4.5022e-01	-8.3176e-06	-2.5870e-06	6.1577e-08	5.8516e-08	1.9543e-08	-8.3176e-06	1
1.0000e+10	2.3720e-01	7.6663e-01	7.6663e-01	4.2352e-01	-5.7863e-07	3.2356e-05	-1.4058e-07	7.1100e-08	2.5032e-08	-5.7863e-07	1
1.0000e+10	2.5428e-01	7.3964e-01	7.3964e-01	4.0089e-01	-1.5092e-08	2.5936e-05	3.5728e-08	8.4460e-08	1.7694e-08	-1.5092e-08	1
1.0000e+10	2.7194e-01	7.0547e-01	7.0546e-01	3.8357e-01	-8.0426e-06	8.3378e-06	-1.7847e-08	4.8174e-08	2.6041e-08	-8.0426e-06	1
1.0000e+10	2.8730e-01	6.8834e-01	6.8832e-01	3.5982e-01	-2.5333e-06	-9.3272e-07	1.0092e-07	6.3312e-08	4.0619e-08	-2.5333e-06	1
1.0000e+10	3.0642e-01	6.1393e-01	6.1390e-01	3.7756e-01	-2.7432e-06	-3.9966e-06	-6.5670e-08	8.5625e-08	1.8951e-08	-2.7432e-06	1
1.0000e+10	3.2213e-01	6.2264e-01	6.2259e-01	3.3144e-01	-2.3279e-05	-1.4947e-05	-2.8771e-09	8.0020e-08	4.2149e-08	-2.3279e-05	1
1.0000e+10	3.3750e-01	5.9896e-01	5.9892e-01	3.1645e-01	1.5278e-06	2.6308e-05	-7.2408e-08	7.2216e-08	2.3675e-08	1.5278e-06	1
1.0000e+10	3.5462e-01	5.6865e-01	5.6851e-01	3.0397e-01	-2.6427e-05	1.7823e-05	3.2896e-08	5.7431e-08	1.7702e-08	-2.6427e-05	1
1.0000e+10	3.7330e-01	5.3181e-01	5.3173e-01	2.9346e-01	2.0347e-05	6.3448e-06	1.2141e-08	7.6376e-08	2.2359e-08	2.0347e-05	1
1.0000e+10	3.9519e-01	4.8897e-01	4.8888e-01	2.8337e-01	-8.9403e-07	-6.5098e-06	-5.5096e-08	-1.0856e-08	2.0196e-10	-8.9403e-07	1
1.0000e+10	4.1419e-01	4.5950e-01	4.5935e-01	2.6756e-01	8.1769e-06	7.8695e-06	3.3422e-08	7.1696e-08	3.5422e-08	8.1769e-06	1
1.0000e+10	4.8541e-01	2.8201e-01	2.8144e-01	2.5014e-01	9.5551e-06	-4.3185e-06	1.7995e-08	2.6781e-08	-1.4321e-08	9.5551e-06	1
1.0000e+10	5.5055e-01	1.8256e-01	1.7384e-01	2.3405e-01	2.1854e-04	-5.3912e-07	-3.8829e-10	8.6538e-07	-1.5436e-08	2.1854e-04	1
1.0000e+10	5.7765e-01	1.5716e-01	1.5709e-01	2.1534e-01	1.0451e-06	-9.1730e-07	1.3874e-08	-8.5099e-09	-2.0141e-08	1.0451e-06	1
1.0000e+10	6.0149e-01	1.3723e-01	1.3707e-01	1.9910e-01	2.3054e-05	-8.1442e-07	6.5180e-09	7.9692e-08	-1.8524e-08	2.3054e-05	1
1.0000e+10	6.2189e-01	1.2209e-01	1.2192e-01	1.8284e-01	2.2321e-05	-3.8248e-07	2.2741e-08	7.7180e-08	-1.7661e-08	2.2321e-05	1
1.0000e+10	6.4091e-01	1.0917e-01	1.0906e-01	1.6684e-01	5.5660e-06	-8.1827e-07	-2.2726e-09	1.0808e-08	-1.5728e-08	5.5660e-06	1
1.0000e+10	6.5964e-01	9.7083e-02	9.6886e-02	1.5160e-01	2.2853e-05	-5.0919e-07	9.7714e-09	8.1042e-08	-1.4542e-08	2.2853e-05	1
1.0000e+10	6.7775e-01	8.6398e-02	8.6187e-02	1.3674e-01	2.3538e-05	-4.8419e-07	8.6787e-09	8.4807e-08	-1.2796e-08	2.3538e-05	1
1.0000e+10	6.9549e-01	7.6825e-02	7.6685e-02	1.2236e-01	9.2003e-06	-5.0362e-07	1.2721e-08	2.8786e-08	-1.1577e-08	9.2003e-06	1
1.0000e+10	7.1321e-01	6.7856e-02	6.7708e-02	1.0875e-01	1.0369e-05	-4.5230e-07	-2.7387e-09	3.4120e-08	-1.0226e-08	1.0369e-05	1
1.0000e+10	7.3100e-01	5.9416e-02	5.9175e-02	9.5935e-02	2.5660e-05	-3.1973e-07	7.5542e-09	9.5832e-08	-9.0867e-09	2.5660e-05	1
1.0000e+10	7.4830e-01	5.2113e-02	5.1954e-02	8.3593e-02	1.2081e-05	-2.6567e-07	-9.1982e-10	4.2746e-08	-7.9713e-09	1.2081e-05	1
1.0000e+10	7.6572e-01	4.5222e-02	4.5061e-02	7.2129e-02	1.2488e-05	-3.5848e-07	6.5172e-09	4.5009e-08	-6.8113e-09	1.2488e-05	1
1.0000e+10	7.8338e-01	3.8658e-02	3.8419e-02	6.1567e-02	2.4901e-05	-2.1842e-07	-6.8152e-09	9.5193e-08	-5.8258e-09	2.4901e-05	1
1.0000e+10	8.0043e-01	3.3173e-02	3.3021e-02	5.1558e-02	1.2278e-05	-2.2956e-07	1.7504e-10	4.5672e-08	-4.9164e-09	1.2278e-05	1
1.0000e+10	8.1801e-01	2.7723e-02	2.7519e-02	4.2603e-02	2.0754e-05	-1.7319e-07	-3.4063e-09	7.9944e-08	-4.0313e-09	2.0754e-05	1
1.0000e+10	8.3505e-01	2.3177e-02	2.3012e-02	3.4322e-02	1.6275e-05	-1.3249e-07	1.8799e-12	6.2780e-08	-3.2521e-09	1.6275e-05	1
1.0000e+10	8.5229e-01	1.8933e-02	1.8803e-02	2.6970e-02	1.2380e-05	-1.0049e-07	4.8658e-10	4.7675e-08	-2.5596e-09	1.2380e-05	1
1.0000e+10	8.6965e-01	1.5068e-02	1.4992e-02	2.0510e-02	6.0819e-06	-7.2262e-08	1.7589e-09	2.3023e-08	-1.9575e-09	6.0819e-06	1
1.0000e+10	8.8760e-01	1.1342e-02	1.1265e-02	1.5044e-02	6.8803e-06	-5.1906e-08	8.4326e-10	2.6575e-08	-1.4125e-09	6.8803e-06	1
1.0000e+10	9.0583e-01	8.0462e-03	7.9816e-03	1.0441e-02	5.6548e-06	-2.7819e-08	-2.9022e-10	2.1927e-08	-9.3965e-10	5.6548e-06	1
1.0000e+10	9.2421e-01	5.2609e-03	5.2057e-03	6.6932e-03	4.7466e-06	-2.2958e-09	1.9646e-10	1.8543e-08	-5.5773e-10	4.7466e-06	1
1.0000e+10	9.4585e-01	2.4726e-03	1.7727e-03	4.0471e-03	1.0052e-04	2.1685e-08	-1.8565e-10	4.0094e-07	-2.4977e-10	1.0052e-04	1
1.0000e+10	9.6351e-01	1.2190e-03	6.1701e-04	1.7912e-03	9.3581e-05	2.1768e-07	1.4939e-10	3.7342e-07	7.2615e-10	9.3581e-05	1
1.0000e+10	9.8021e-01	3.7700e-04	3.4524e-04	4.4084e-04	2.2716e-06	2.0243e-07	-1.3750e-10	9.0467e-09	7.7400e-10	2.2716e-06	1
