# Result from steady state upscaling
# Pressuredrop  Sw  Krxx  Kryy  Krzz
1.0000e+08	9.6926e-04	9.9813e-01	9.9813e-01	9.9800e-01	8.4170e-10	-4.5302e-09	1.0953e-11	-1.3317e-12	6.5863e-13	8.4170e-10	1
1.0000e+08	3.3530e-02	9.5371e-01	9.5371e-01	9.1488e-01	-2.1829e-06	-2.3332e-06	-8.0310e-11	-8.7955e-11	-6.4384e-11	-2.1829e-06	1
1.0000e+08	6.5536e-02	9.2392e-01	9.2392e-01	8.2469e-01	-2.7379e-06	-1.7629e-06	-3.1150e-11	-1.1522e-10	-1.1273e-10	-2.7379e-06	1
1.0000e+08	9.7890e-02	8.9713e-01	8.9713e-01	7.3575e-01	-3.1960e-06	-1.3302e-06	2.4546e-11	-1.9343e-10	-1.6226e-10	-3.1960e-06	1
1.0000e+08	1.3040e-01	8.7046e-01	8.7046e-01	6.5170e-01	-3.4734e-06	-1.0719e-06	1.1031e-10	-3.0372e-10	-2.0604e-10	-3.4734e-06	1
1.0000e+08	1.6304e-01	8.4234e-01	8.4234e-01	5.7406e-01	-3.5162e-06	-9.9386e-07	2.1313e-10	-4.2660e-10	-2.3585e-10	-3.5162e-06	1
1.0000e+08	1.9587e-01	8.1057e-01	8.1057e-01	5.0438e-01	-3.3549e-06	-1.0174e-06	3.1010e-10	-5.2486e-10	-2.4392e-10	-3.3549e-06	1
1.0000e+08	2.2900e-01	7.7299e-01	7.7299e-01	4.4383e-01	-3.1041e-06	-1.0196e-06	3.7706e-10	-5.6528e-10	-2.2936e-10	-3.1041e-06	1
1.0000e+08	2.6260e-01	7.2681e-01	7.2681e-01	3.9394e-01	-2.8932e-06	-9.0855e-07	3.9553e-10	-5.1853e-10	-2.0009e-10	-2.8932e-06	1
1.0000e+08	2.9670e-01	6.7021e-01	6.7021e-01	3.5600e-01	6.1593e-07	-1.0517e-05	-2.5502e-09	-1.1979e-09	-2.1961e-09	6.1593e-07	1
1.0000e+08	3.3112e-01	6.0616e-01	6.0616e-01	3.2875e-01	-9.0984e-07	-1.0695e-05	-1.9205e-09	-7.9734e-10	3.4624e-10	-9.0984e-07	1
1.0000e+08	3.6749e-01	5.3788e-01	5.3788e-01	3.0488e-01	-2.4361e-06	-1.0794e-05	2.4332e-09	2.0682e-09	7.4332e-10	-2.4361e-06	1
1.0000e+08	4.2273e-01	4.2569e-01	4.2569e-01	2.6721e-01	-1.6825e-06	-8.3369e-06	1.6093e-09	1.5997e-09	4.2664e-10	-1.6825e-06	1
1.0000e+08	5.7395e-01	1.5223e-01	1.5223e-01	2.3406e-01	9.2551e-07	-9.0718e-07	6.3624e-11	4.2725e-10	1.0520e-10	9.2551e-07	1
