# Result from steady state upscaling
# Pressuredrop  Sw  Krxx  Kryy  Krzz
1.0000e+08	9.6926e-04	8.0340e-07	8.0340e-07	9.8788e-07	4.6151e-12	-5.9500e-12	-1.9791e-14	1.7769e-15	6.5556e-16	4.6151e-12	1
1.0000e+08	3.3530e-02	8.1995e-04	8.1995e-04	1.7648e-03	4.7008e-09	-5.9352e-09	2.7738e-11	2.0979e-12	-4.7081e-13	4.7008e-09	1
1.0000e+08	6.5536e-02	2.3960e-03	2.3960e-03	6.6734e-03	1.2642e-08	-1.7907e-08	-5.0902e-11	9.7512e-12	2.1889e-12	1.2642e-08	1
1.0000e+08	9.7890e-02	4.4741e-03	4.4741e-03	1.5743e-02	2.4167e-08	-3.3712e-08	-8.6902e-11	4.3185e-11	5.5591e-12	2.4167e-08	1
1.0000e+08	1.3040e-01	7.1902e-03	7.1902e-03	2.9859e-02	3.8104e-08	-5.4444e-08	-2.7546e-10	7.9573e-11	1.0588e-11	3.8104e-08	1
1.0000e+08	1.6304e-01	1.0791e-02	1.0791e-02	4.8965e-02	5.6261e-08	-8.2384e-08	-4.6819e-10	1.1256e-10	1.6838e-11	5.6261e-08	1
1.0000e+08	1.9587e-01	1.5803e-02	1.5803e-02	7.2758e-02	8.5726e-08	-1.1219e-07	-1.4421e-11	1.2688e-10	2.9098e-11	8.5726e-08	1
1.0000e+08	2.2900e-01	2.3084e-02	2.3084e-02	1.0023e-01	1.2612e-07	-1.6112e-07	-2.6557e-11	1.7481e-10	4.0097e-11	1.2612e-07	1
1.0000e+08	2.6260e-01	3.4199e-02	3.4199e-02	1.2896e-01	1.8425e-07	-2.3585e-07	-4.3920e-11	2.2449e-10	5.0831e-11	1.8425e-07	1
1.0000e+08	2.9670e-01	5.1677e-02	5.1677e-02	1.5537e-01	2.7398e-07	-3.5472e-07	-4.2511e-11	2.7082e-10	6.0509e-11	2.7398e-07	1
1.0000e+08	3.3112e-01	7.8054e-02	7.8054e-02	1.7702e-01	4.1584e-07	-5.3338e-07	-3.2777e-11	3.0889e-10	6.8137e-11	4.1584e-07	1
1.0000e+08	3.6749e-01	1.1234e-01	1.1234e-01	1.9788e-01	6.2794e-07	-7.4364e-07	-1.6427e-11	3.5180e-10	8.0357e-11	6.2794e-07	1
1.0000e+08	4.2273e-01	1.5057e-01	1.5057e-01	2.3292e-01	9.9048e-07	-9.4066e-07	1.6547e-11	4.3888e-10	1.0598e-10	9.9048e-07	1
1.0000e+08	5.7395e-01	4.1627e-01	4.1627e-01	2.6608e-01	-1.1725e-06	-7.6880e-06	1.4222e-09	1.3390e-09	1.1051e-10	-1.1725e-06	1
