# Result from steady state upscaling
# Pressuredrop  Sw  Krxx  Kryy  Krzz
1.0000e+07	9.6926e-04	9.9813e-01	9.9813e-01	9.9800e-01	9.0778e-10	-4.4681e-09	1.4616e-11	-1.2688e-12	8.2002e-13	9.0778e-10	1
1.0000e+07	3.3530e-02	9.5371e-01	9.5371e-01	9.1488e-01	-2.1829e-06	-2.3332e-06	-8.0882e-11	-8.7961e-11	-6.4447e-11	-2.1829e-06	1
1.0000e+07	6.5536e-02	9.2392e-01	9.2392e-01	8.2469e-01	-2.7379e-06	-1.7629e-06	-3.1595e-11	-1.1521e-10	-1.1274e-10	-2.7379e-06	1
1.0000e+07	9.7890e-02	8.9713e-01	8.9713e-01	7.3575e-01	-3.1960e-06	-1.3302e-06	2.4428e-11	-1.9346e-10	-1.6228e-10	-3.1960e-06	1
1.0000e+07	1.3040e-01	8.7046e-01	8.7046e-01	6.5170e-01	-3.4734e-06	-1.0719e-06	1.0986e-10	-3.0374e-10	-2.0611e-10	-3.4734e-06	1
1.0000e+07	1.6304e-01	8.4234e-01	8.4234e-01	5.7406e-01	-3.5162e-06	-9.9387e-07	2.1245e-10	-4.2660e-10	-2.3593e-10	-3.5162e-06	1
1.0000e+07	1.9587e-01	8.1057e-01	8.1057e-01	5.0438e-01	-3.3549e-06	-1.0174e-06	3.0903e-10	-5.2485e-10	-2.4396e-10	-3.3549e-06	1
1.0000e+07	2.2900e-01	7.7299e-01	7.7299e-01	4.4383e-01	-3.1042e-06	-1.0196e-06	3.7688e-10	-5.6529e-10	-2.2938e-10	-3.1042e-06	1
1.0000e+07	2.6260e-01	7.2681e-01	7.2681e-01	3.9394e-01	-2.8932e-06	-9.0854e-07	3.9706e-10	-5.1853e-10	-2.0005e-10	-2.8932e-06	1
1.0000e+07	2.9670e-01	6.7021e-01	6.7021e-01	3.5600e-01	6.1593e-07	-1.0517e-05	-2.5511e-09	-1.1979e-09	-2.1961e-09	6.1593e-07	1
1.0000e+07	3.3112e-01	6.0616e-01	6.0616e-01	3.2875e-01	-9.0983e-07	-1.0694e-05	-1.9194e-09	-7.9736e-10	3.4627e-10	-9.0983e-07	1
1.0000e+07	3.6749e-01	5.3788e-01	5.3788e-01	3.0488e-01	-2.4361e-06	-1.0794e-05	2.4328e-09	2.0683e-09	7.4334e-10	-2.4361e-06	1
1.0000e+07	4.2273e-01	4.2569e-01	4.2569e-01	2.6721e-01	-1.6825e-06	-8.3369e-06	1.6091e-09	1.5997e-09	4.2664e-10	-1.6825e-06	1
1.0000e+07	5.7395e-01	1.5223e-01	1.5223e-01	2.3406e-01	9.2553e-07	-9.0721e-07	6.3704e-11	4.2726e-10	1.0517e-10	9.2553e-07	1
