# Result from steady state upscaling
# Pressuredrop  Sw  Krxx  Kryy  Krzz
1.0000e+12	1.0000e-03	1.0000e-06	1.0000e-06	1.0000e-06	1.6367e-16	1.8813e-16	1.7129e-17	-1.1427e-20	5.0396e-19	1.6367e-16	1
1.0000e+12	1.6870e-02	2.4626e-06	2.4625e-06	5.7085e-04	2.2134e-11	-1.1525e-11	2.9387e-14	1.0033e-12	2.2789e-13	2.2134e-11	1
1.0000e+12	2.1692e-02	3.8187e-06	3.8125e-06	9.3986e-04	-1.3474e-09	-2.3732e-11	4.7488e-15	-3.8547e-12	3.7766e-13	-1.3474e-09	1
1.0000e+12	2.1647e-02	3.7762e-06	3.7702e-06	9.3122e-04	-3.1695e-10	-1.7439e-11	3.0671e-14	1.3340e-13	3.6953e-13	-3.1695e-10	1
1.0000e+12	2.1652e-02	3.7692e-06	3.7641e-06	9.3050e-04	9.0205e-10	-1.1616e-11	3.4959e-14	5.0485e-12	3.6903e-13	9.0205e-10	1
1.0000e+12	8.0785e-02	9.2130e-05	9.2124e-05	1.5753e-02	1.2935e-09	-5.5271e-10	1.9512e-13	2.7397e-11	6.3034e-12	1.2935e-09	1
1.0000e+12	2.1567e-02	3.7246e-06	3.7209e-06	9.2081e-04	9.9964e-10	-1.0033e-11	3.4204e-14	5.4117e-12	3.6504e-13	9.9964e-10	1
1.0000e+12	2.1547e-02	3.7164e-06	3.7132e-06	9.1913e-04	6.9099e-10	-9.9904e-12	3.3926e-14	4.1762e-12	3.6428e-13	6.9099e-10	1
1.0000e+12	2.1529e-02	3.7100e-06	3.7070e-06	9.1778e-04	5.2426e-10	-1.0001e-11	3.3685e-14	3.5086e-12	3.6366e-13	5.2426e-10	1
1.0000e+12	2.1549e-02	3.7168e-06	3.7141e-06	9.1975e-04	5.8569e-10	-1.0084e-11	3.3581e-14	3.7579e-12	3.6437e-13	5.8569e-10	1
1.0000e+12	1.6553e-02	2.0274e-06	2.0271e-06	5.0450e-04	1.7553e-11	-9.1220e-12	1.9245e-14	8.6766e-13	1.9767e-13	1.7553e-11	1
1.0000e+12	2.3280e-02	4.6268e-06	4.6260e-06	1.1137e-03	-1.0433e-10	-2.0133e-11	2.2049e-14	1.3525e-12	4.5457e-13	-1.0433e-10	1
1.0000e+12	1.3147e-02	1.6376e-06	1.6371e-06	3.9121e-04	1.9776e-10	-6.4132e-12	5.5443e-15	1.3791e-12	1.5750e-13	1.9776e-10	1
1.0000e+12	2.1527e-02	3.7108e-06	3.7084e-06	9.1846e-04	9.0622e-10	-1.0112e-11	3.3375e-14	5.0354e-12	3.6380e-13	9.0622e-10	1
1.0000e+12	2.3280e-02	4.6268e-06	4.6260e-06	1.1137e-03	-1.0431e-10	-2.0133e-11	2.2050e-14	1.3526e-12	4.5457e-13	-1.0431e-10	1
1.0000e+12	1.3111e-02	1.6306e-06	1.6298e-06	3.8932e-04	1.7570e-10	-6.4477e-12	5.6495e-15	1.2884e-12	1.5680e-13	1.7570e-10	1
1.0000e+12	2.1550e-02	3.7170e-06	3.7143e-06	9.1978e-04	5.7724e-10	-1.0083e-11	3.3586e-14	3.7242e-12	3.6438e-13	5.7724e-10	1
1.0000e+12	1.3280e-02	1.6563e-06	1.6560e-06	3.9674e-04	3.9312e-11	-6.3484e-12	5.3287e-15	7.5643e-13	1.5969e-13	3.9312e-11	1
1.0000e+12	1.4941e-02	1.8367e-06	1.8365e-06	4.5393e-04	5.9048e-12	-1.0959e-11	8.5225e-15	7.7050e-13	1.8136e-13	5.9048e-12	1
1.0000e+12	2.1603e-02	3.7388e-06	3.7351e-06	9.2433e-04	1.1675e-09	-1.0311e-11	3.4348e-14	6.0896e-12	3.6641e-13	1.1675e-09	1
1.0000e+12	2.1592e-02	3.7372e-06	3.7328e-06	9.2341e-04	1.2141e-09	-1.0456e-11	3.4577e-14	6.2751e-12	3.6616e-13	1.2141e-09	1
1.0000e+12	1.3350e-02	1.6631e-06	1.6628e-06	3.9889e-04	4.2806e-11	-6.4025e-12	5.2869e-15	7.7440e-13	1.6060e-13	4.2806e-11	1
1.0000e+12	1.3428e-02	1.6728e-06	1.6725e-06	4.0182e-04	9.1925e-11	-6.3784e-12	5.2130e-15	9.7702e-13	1.6179e-13	9.1925e-11	1
1.0000e+12	2.1716e-02	3.8356e-06	3.8290e-06	9.4351e-04	-1.3988e-09	-2.3778e-11	4.9721e-15	-4.0545e-12	3.7929e-13	-1.3988e-09	1
1.0000e+12	1.3423e-02	1.6700e-06	1.6695e-06	4.0099e-04	4.8271e-11	-6.4665e-12	5.2499e-15	8.0035e-13	1.6151e-13	4.8271e-11	1
1.0000e+12	5.0000e-01	2.5000e-01	2.5000e-01	2.5000e-01	3.2524e-11	3.7614e-11	3.2390e-12	-1.3551e-14	8.2796e-14	3.2524e-11	1
1.0000e+12	1.9032e-02	2.9549e-06	2.9544e-06	6.9184e-04	-9.0371e-11	-1.4146e-11	1.6696e-14	7.5895e-13	2.8372e-13	-9.0371e-11	1
1.0000e+12	1.3256e-02	1.6337e-06	1.6320e-06	3.9118e-04	8.5833e-11	-6.8170e-12	5.7554e-15	9.3542e-13	1.5788e-13	8.5833e-11	1
1.0000e+12	1.8858e-02	2.9189e-06	2.9180e-06	6.8331e-04	-4.9812e-10	-1.4308e-11	1.6570e-14	-8.8971e-13	2.8036e-13	-4.9812e-10	1
1.0000e+12	1.8878e-02	2.9336e-06	2.9329e-06	6.8494e-04	-1.1851e-10	-1.4525e-11	1.6917e-14	6.3252e-13	2.8130e-13	-1.1851e-10	1
1.0000e+12	1.2219e-02	1.3344e-06	1.3319e-06	3.0075e-04	2.1096e-10	-6.7508e-12	1.0501e-14	1.3560e-12	1.2532e-13	2.1096e-10	1
1.0000e+12	1.2201e-02	1.3245e-06	1.3219e-06	2.9591e-04	7.0842e-11	-6.6803e-12	1.0701e-14	7.9323e-13	1.2351e-13	7.0842e-11	1
1.0000e+12	1.2182e-02	1.3144e-06	1.3117e-06	2.9067e-04	2.7524e-10	-6.5885e-12	1.0901e-14	1.6054e-12	1.2154e-13	2.7524e-10	1
1.0000e+12	1.2164e-02	1.3043e-06	1.3015e-06	2.8509e-04	3.8070e-10	-6.4727e-12	1.1096e-14	2.0222e-12	1.1943e-13	3.8070e-10	1
1.0000e+12	1.3635e-02	1.6764e-06	1.6741e-06	4.0233e-04	5.5086e-10	-6.9908e-12	5.4129e-15	2.8146e-12	1.6254e-13	5.5086e-10	1
1.0000e+12	1.2030e-02	1.2394e-06	1.2359e-06	2.5657e-04	-1.4800e-09	-6.3172e-12	1.1386e-14	-5.4282e-12	1.0799e-13	-1.4800e-09	1
1.0000e+12	1.3750e-02	1.6875e-06	1.6849e-06	4.0487e-04	6.4311e-10	-7.0387e-12	5.3138e-15	3.1907e-12	1.6364e-13	6.4311e-10	1
1.0000e+12	1.1543e-02	8.6216e-07	8.6168e-07	8.4425e-05	-1.6845e-09	-1.0923e-11	4.3585e-15	-6.5673e-12	3.3528e-14	-1.6845e-09	1
1.0000e+12	1.1529e-02	8.5207e-07	8.5171e-07	7.4619e-05	-1.4023e-09	-1.0621e-11	4.4372e-15	-5.4579e-12	2.9857e-14	-1.4023e-09	1
1.0000e+12	1.2051e-02	1.2446e-06	1.2417e-06	2.4278e-04	8.0516e-10	-6.9579e-12	1.2034e-14	3.5422e-12	9.5556e-14	8.0516e-10	1
1.0000e+12	1.1663e-02	9.7214e-07	9.7093e-07	1.2520e-04	-3.1527e-09	-1.2237e-11	2.7766e-14	-1.2359e-11	5.2746e-14	-3.1527e-09	1
1.0000e+12	1.1677e-02	9.8674e-07	9.8552e-07	1.2623e-04	-3.2478e-09	-1.2195e-11	2.8084e-14	-1.2738e-11	5.3110e-14	-3.2478e-09	1
