# Result from steady state upscaling
# Pressuredrop  Sw  Krxx  Kryy  Krzz
1.0000e+12	2.0000e-04	9.9960e-01	9.9960e-01	9.9960e-01	3.1888e-11	3.3416e-11	3.4158e-13	7.3921e-14	1.5916e-13	3.1888e-11	1
1.0000e+12	3.6246e-02	9.7988e-01	9.7988e-01	8.7902e-01	5.1501e-06	-2.9912e-06	5.4475e-07	1.1617e-08	1.6103e-09	5.1501e-06	1
1.0000e+12	7.2108e-02	9.6854e-01	9.6854e-01	7.5915e-01	1.6313e-05	-1.7936e-05	3.8858e-07	9.0793e-09	2.6016e-09	1.6313e-05	1
1.0000e+12	1.0787e-01	9.5657e-01	9.5657e-01	6.4854e-01	1.0140e-05	-4.3761e-06	3.8511e-07	5.0716e-09	-1.1073e-08	1.0140e-05	1
1.0000e+12	1.4264e-01	9.4221e-01	9.4221e-01	5.5072e-01	1.6904e-05	-3.6797e-06	1.9783e-07	4.1699e-09	3.2810e-09	1.6904e-05	1
1.0000e+12	1.7843e-01	9.1719e-01	9.1719e-01	4.6605e-01	3.0010e-05	2.7185e-06	2.8397e-07	5.9623e-09	4.4139e-09	3.0010e-05	1
1.0000e+12	2.1280e-01	8.8820e-01	8.8820e-01	3.9466e-01	2.7540e-05	1.6558e-05	3.8034e-07	3.6614e-08	4.9996e-09	2.7540e-05	1
1.0000e+12	2.4599e-01	8.4252e-01	8.4251e-01	3.4425e-01	7.1918e-05	-9.0764e-06	1.6126e-07	1.4030e-07	6.1003e-09	7.1918e-05	1
1.0000e+12	2.7784e-01	7.7833e-01	7.7827e-01	3.1420e-01	1.4895e-04	-2.3601e-05	3.4727e-07	4.4243e-07	-5.4331e-09	1.4895e-04	1
1.0000e+12	3.0413e-01	7.1498e-01	7.1474e-01	2.9891e-01	3.5103e-04	7.6057e-06	2.0709e-07	1.2568e-06	-7.0063e-09	3.5103e-04	1
1.0000e+12	3.2626e-01	6.5880e-01	6.5807e-01	2.9051e-01	7.0881e-04	1.6552e-05	9.4204e-08	2.7650e-06	5.4378e-09	7.0881e-04	1
1.0000e+12	3.1730e-01	6.7270e-01	6.6988e-01	3.0094e-01	2.1105e-03	1.0055e-05	2.7978e-07	8.3894e-06	-5.3756e-09	2.1105e-03	1
1.0000e+12	3.0247e-01	7.0550e-01	5.2753e-01	3.2403e-01	2.0601e-02	-2.4438e-05	2.8752e-07	8.2314e-05	-9.7602e-09	2.0601e-02	1
