# Result from steady state upscaling
# Pressuredrop  Sw  Krxx  Kryy  Krzz
1.0000e+02	2.0000e-01	3.9500e-01	3.9500e-01	3.9500e-01	0.0000e+00	0.0000e+00	0.0000e+00	0.0000e+00	0.0000e+00	0.0000e+00	1
1.0000e+03	2.0000e-01	3.9500e-01	3.9500e-01	3.9500e-01	0.0000e+00	0.0000e+00	0.0000e+00	0.0000e+00	0.0000e+00	0.0000e+00	1
1.0000e+04	2.0000e-01	3.9500e-01	3.9500e-01	3.9500e-01	0.0000e+00	0.0000e+00	0.0000e+00	0.0000e+00	0.0000e+00	0.0000e+00	1
1.0000e+05	2.0000e-01	3.9500e-01	3.9500e-01	3.9500e-01	0.0000e+00	0.0000e+00	0.0000e+00	0.0000e+00	0.0000e+00	0.0000e+00	1
1.0000e+06	2.0000e-01	3.9500e-01	3.9500e-01	3.9500e-01	0.0000e+00	0.0000e+00	0.0000e+00	0.0000e+00	0.0000e+00	0.0000e+00	1
1.0000e+02	4.0000e-01	2.0500e-01	2.0500e-01	2.0500e-01	0.0000e+00	0.0000e+00	0.0000e+00	0.0000e+00	0.0000e+00	0.0000e+00	1
1.0000e+03	4.0000e-01	2.0500e-01	2.0500e-01	2.0500e-01	0.0000e+00	0.0000e+00	0.0000e+00	0.0000e+00	0.0000e+00	0.0000e+00	1
1.0000e+04	4.0000e-01	2.0500e-01	2.0500e-01	2.0500e-01	0.0000e+00	0.0000e+00	0.0000e+00	0.0000e+00	0.0000e+00	0.0000e+00	1
1.0000e+05	4.0000e-01	2.0500e-01	2.0500e-01	2.0500e-01	0.0000e+00	0.0000e+00	0.0000e+00	0.0000e+00	0.0000e+00	0.0000e+00	1
1.0000e+06	4.0000e-01	2.0500e-01	2.0500e-01	2.0500e-01	0.0000e+00	0.0000e+00	0.0000e+00	0.0000e+00	0.0000e+00	0.0000e+00	1
1.0000e+02	6.0000e-01	1.8000e-02	1.8000e-02	1.8000e-02	0.0000e+00	0.0000e+00	0.0000e+00	0.0000e+00	0.0000e+00	0.0000e+00	1
1.0000e+03	6.0000e-01	1.8000e-02	1.8000e-02	1.8000e-02	0.0000e+00	0.0000e+00	0.0000e+00	0.0000e+00	0.0000e+00	0.0000e+00	1
1.0000e+04	6.0000e-01	1.8000e-02	1.8000e-02	1.8000e-02	0.0000e+00	0.0000e+00	0.0000e+00	0.0000e+00	0.0000e+00	0.0000e+00	1
1.0000e+05	6.0000e-01	1.8000e-02	1.8000e-02	1.8000e-02	0.0000e+00	0.0000e+00	0.0000e+00	0.0000e+00	0.0000e+00	0.0000e+00	1
1.0000e+06	6.0000e-01	1.8000e-02	1.8000e-02	1.8000e-02	0.0000e+00	0.0000e+00	0.0000e+00	0.0000e+00	0.0000e+00	0.0000e+00	1
1.0000e+02	8.0000e-01	2.0000e-03	2.0000e-03	2.0000e-03	0.0000e+00	0.0000e+00	0.0000e+00	0.0000e+00	0.0000e+00	0.0000e+00	1
1.0000e+03	8.0000e-01	2.0000e-03	2.0000e-03	2.0000e-03	0.0000e+00	0.0000e+00	0.0000e+00	0.0000e+00	0.0000e+00	0.0000e+00	1
1.0000e+04	8.0000e-01	2.0000e-03	2.0000e-03	2.0000e-03	0.0000e+00	0.0000e+00	0.0000e+00	0.0000e+00	0.0000e+00	0.0000e+00	1
1.0000e+05	8.0000e-01	2.0000e-03	2.0000e-03	2.0000e-03	0.0000e+00	0.0000e+00	0.0000e+00	0.0000e+00	0.0000e+00	0.0000e+00	1
1.0000e+06	8.0000e-01	2.0000e-03	2.0000e-03	2.0000e-03	0.0000e+00	0.0000e+00	0.0000e+00	0.0000e+00	0.0000e+00	0.0000e+00	1
