# Result from steady state upscaling
# Pressuredrop  Sw  Krxx  Kryy  Krzz
1.0000e+09	9.6557e-04	9.9860e-01	9.9860e-01	9.9754e-01	-9.0618e-06	-1.5555e-06	6.6339e-08	2.8356e-09	-7.5443e-09	-9.0618e-06	1
1.0000e+09	3.4463e-02	9.8777e-01	9.8777e-01	8.7823e-01	-6.4394e-06	4.2498e-06	-1.0487e-08	1.6294e-08	-5.9254e-09	-6.4394e-06	1
1.0000e+09	6.8129e-02	9.6821e-01	9.6821e-01	7.7355e-01	-2.7843e-05	-2.0879e-05	-1.0167e-07	-3.9725e-08	-4.4569e-08	-2.7843e-05	1
1.0000e+09	1.0179e-01	9.5574e-01	9.5574e-01	6.6947e-01	-5.0765e-06	5.2992e-07	-1.5838e-07	5.1607e-08	-2.7576e-08	-5.0765e-06	1
1.0000e+09	1.3428e-01	9.7107e-01	9.7107e-01	5.5457e-01	8.7853e-06	-2.0287e-06	-8.0974e-08	5.4290e-08	-1.1184e-08	8.7853e-06	1
1.0000e+09	1.6933e-01	9.0673e-01	9.0673e-01	5.0087e-01	2.1064e-05	2.4604e-05	3.7444e-08	1.9771e-08	-8.7038e-09	2.1064e-05	1
1.0000e+09	2.0322e-01	8.7724e-01	8.7724e-01	4.2932e-01	-1.4304e-05	3.1554e-06	3.1616e-08	4.5415e-08	-1.2995e-08	-1.4304e-05	1
1.0000e+09	2.3726e-01	8.3450e-01	8.3450e-01	3.7274e-01	-1.0453e-05	2.3215e-05	9.9911e-09	-1.0940e-08	-5.4380e-09	-1.0453e-05	1
1.0000e+09	2.7146e-01	7.4717e-01	7.4717e-01	3.5272e-01	-1.1588e-05	2.6342e-06	-6.9277e-08	-6.1630e-09	1.0141e-08	-1.1588e-05	1
1.0000e+09	3.0598e-01	6.8018e-01	6.8018e-01	3.2257e-01	-1.3367e-05	-9.6148e-06	-2.1588e-08	5.5882e-08	2.6978e-08	-1.3367e-05	1
1.0000e+09	3.4108e-01	5.9432e-01	5.9432e-01	3.1194e-01	-1.6467e-05	-2.0961e-05	-1.5616e-07	6.2053e-08	-8.7519e-11	-1.6467e-05	1
1.0000e+09	3.7844e-01	5.2586e-01	5.2586e-01	2.8598e-01	-3.5026e-06	3.3425e-06	2.8298e-08	7.9799e-08	1.7110e-08	-3.5026e-06	1
1.0000e+09	4.2538e-01	4.2587e-01	4.2586e-01	2.6427e-01	-8.6018e-06	-6.6812e-06	-1.7144e-08	5.0834e-08	1.3176e-08	-8.6018e-06	1
1.0000e+09	5.6825e-01	1.5993e-01	1.5973e-01	2.3637e-01	5.8879e-06	-4.4653e-07	-3.5683e-09	1.6165e-08	-2.1120e-08	5.8879e-06	1
1.0000e+09	6.1994e-01	1.1725e-01	1.1724e-01	2.0667e-01	6.2243e-06	-1.3367e-06	-2.5214e-09	1.2769e-08	-1.9173e-08	6.2243e-06	1
1.0000e+09	6.5749e-01	8.9425e-02	8.9418e-02	1.7566e-01	-8.4510e-07	-5.7939e-07	-6.3524e-09	-1.5124e-08	-1.6647e-08	-8.4510e-07	1
1.0000e+09	6.9257e-01	5.8570e-02	5.8542e-02	1.5647e-01	2.0025e-05	-4.1616e-07	-4.6665e-09	6.8118e-08	-1.4751e-08	2.0025e-05	1
1.0000e+09	7.2710e-01	4.1748e-02	4.1733e-02	1.2755e-01	1.9354e-06	-1.8838e-07	2.8670e-09	-2.7814e-09	-1.2043e-08	1.9354e-06	1
1.0000e+09	7.6140e-01	2.8957e-02	2.8939e-02	1.0009e-01	2.9108e-06	-8.2809e-08	3.0370e-09	3.2408e-09	-9.4925e-09	2.9108e-06	1
1.0000e+09	7.9539e-01	1.9702e-02	1.9656e-02	7.4994e-02	3.2235e-05	-1.2066e-07	4.9025e-11	1.2212e-07	-7.0551e-09	3.2235e-05	1
1.0000e+09	8.2922e-01	1.2959e-02	1.2907e-02	5.2990e-02	3.5584e-05	-4.1288e-08	1.8529e-09	1.3746e-07	-4.9427e-09	3.5584e-05	1
1.0000e+09	8.6309e-01	7.9267e-03	7.8674e-03	3.4434e-02	4.0957e-05	1.5927e-08	-5.0636e-10	1.6047e-07	-3.0892e-09	4.0957e-05	1
1.0000e+09	8.9693e-01	6.3144e-03	6.2799e-03	1.6948e-02	1.6307e-05	1.8187e-08	3.7318e-10	6.3742e-08	-1.4388e-09	1.6307e-05	1
1.0000e+09	9.3098e-01	2.7850e-03	2.7455e-03	7.5819e-03	1.9843e-05	2.1056e-07	-7.9142e-12	7.8592e-08	1.7875e-10	1.9843e-05	1
1.0000e+09	9.6419e-01	9.1938e-04	9.0474e-04	1.8871e-03	2.4537e-06	1.3441e-07	-1.8316e-10	9.6564e-09	3.7717e-10	2.4537e-06	1
