# Result from steady state upscaling
# Pressuredrop  Sw  Krxx  Kryy  Krzz
1.0000e+09	9.6557e-04	1.1461e-08	1.1461e-08	1.1999e-06	7.5368e-14	-1.9696e-13	-1.5910e-16	-1.1963e-13	-1.1360e-13	7.5368e-14	1
1.0000e+09	3.4463e-02	4.9761e-05	4.9761e-05	2.8065e-03	-2.1600e-10	-6.2758e-10	6.2455e-12	-2.8226e-10	-2.6500e-10	-2.1600e-10	1
1.0000e+09	6.8129e-02	3.4380e-04	3.4380e-04	1.0359e-02	-2.4592e-09	-1.9673e-09	3.4054e-12	-1.0375e-09	-9.8107e-10	-2.4592e-09	1
1.0000e+09	1.0179e-01	6.5900e-04	6.5900e-04	2.4563e-02	-5.4660e-09	-1.7969e-09	-7.7499e-12	-2.4465e-09	-2.3214e-09	-5.4660e-09	1
1.0000e+09	1.3428e-01	2.7799e-04	2.7799e-04	4.6822e-02	1.1837e-08	-3.0829e-09	-6.9064e-11	-4.6791e-09	-4.4395e-09	1.1837e-08	1
1.0000e+09	1.6933e-01	3.0188e-03	3.0188e-03	6.8523e-02	-5.0472e-08	-1.5434e-09	3.7696e-10	-6.8672e-09	-6.4743e-09	-5.0472e-08	1
1.0000e+09	2.0322e-01	5.2957e-03	5.2957e-03	9.9606e-02	-2.3978e-08	-4.7781e-08	6.0024e-10	-1.0008e-08	-9.4296e-09	-2.3978e-08	1
1.0000e+09	2.3726e-01	9.9155e-03	9.9155e-03	1.3266e-01	-1.4283e-07	-9.2000e-08	1.2370e-09	-1.3322e-08	-1.2684e-08	-1.4283e-07	1
1.0000e+09	2.7146e-01	2.5929e-02	2.5929e-02	1.4786e-01	-2.9640e-07	-6.3552e-08	9.0247e-11	-1.4886e-08	-1.4013e-08	-2.9640e-07	1
1.0000e+09	3.0598e-01	4.4101e-02	4.4101e-02	1.7348e-01	-3.8286e-07	-2.7431e-07	1.0005e-08	-1.7091e-08	-1.6433e-08	-3.8286e-07	1
1.0000e+09	3.4108e-01	7.8306e-02	7.8306e-02	1.8617e-01	-1.2839e-06	-5.2829e-07	1.1028e-08	-1.8469e-08	-1.7543e-08	-1.2839e-06	1
1.0000e+09	3.7844e-01	1.1035e-01	1.1035e-01	2.1230e-01	-1.7721e-06	-9.4211e-07	-8.0140e-09	-2.0698e-08	-1.9920e-08	-1.7721e-06	1
1.0000e+09	4.2538e-01	1.5580e-01	1.5580e-01	2.3530e-01	-1.4685e-06	-8.1519e-07	-3.8604e-09	-2.0809e-08	-2.1155e-08	-1.4685e-06	1
1.0000e+09	5.6825e-01	4.0614e-01	4.0593e-01	2.6346e-01	-6.8161e-06	-1.0571e-05	-5.2212e-08	5.6094e-08	1.2770e-08	-6.8161e-06	1
1.0000e+09	6.1994e-01	5.1266e-01	5.1264e-01	2.9337e-01	-2.3527e-05	-2.3315e-06	7.4978e-08	6.8909e-08	2.6712e-08	-2.3527e-05	1
1.0000e+09	6.5749e-01	5.7141e-01	5.7141e-01	3.2813e-01	-2.3002e-05	1.5872e-05	2.5977e-08	7.2403e-08	2.6426e-08	-2.3002e-05	1
1.0000e+09	6.9257e-01	6.3991e-01	6.3988e-01	3.5135e-01	-1.5283e-05	-4.6975e-06	1.6763e-08	7.3685e-08	2.2623e-08	-1.5283e-05	1
1.0000e+09	7.2710e-01	6.8935e-01	6.8933e-01	3.9485e-01	-9.6284e-06	-1.2840e-05	4.9113e-08	4.3073e-08	1.9285e-08	-9.6284e-06	1
1.0000e+09	7.6140e-01	7.3623e-01	7.3621e-01	4.4502e-01	2.4914e-06	-1.4297e-05	1.6519e-08	6.7554e-08	2.0766e-08	2.4914e-06	1
1.0000e+09	7.9539e-01	7.7837e-01	7.7832e-01	5.0357e-01	8.1818e-07	2.6618e-05	-7.4924e-09	3.4630e-08	2.2522e-08	8.1818e-07	1
1.0000e+09	8.2922e-01	8.1701e-01	8.1696e-01	5.7005e-01	-7.8843e-06	-6.2139e-06	-2.2360e-08	2.0855e-08	2.7271e-09	-7.8843e-06	1
1.0000e+09	8.6309e-01	8.5464e-01	8.5458e-01	6.4300e-01	-9.6909e-06	5.1868e-06	8.4214e-08	2.9533e-08	-5.3094e-09	-9.6909e-06	1
1.0000e+09	8.9693e-01	8.7050e-01	8.7046e-01	7.4175e-01	-9.8015e-06	-6.2306e-06	-1.9555e-07	4.1648e-08	-1.6038e-08	-9.8015e-06	1
1.0000e+09	9.3098e-01	9.1285e-01	9.1282e-01	8.2208e-01	-7.4125e-06	-7.0205e-07	6.2682e-08	3.1272e-08	-1.2413e-08	-7.4125e-06	1
1.0000e+09	9.6419e-01	9.4663e-01	9.4661e-01	9.1301e-01	9.6837e-06	3.2196e-05	-4.9670e-08	-6.6826e-08	-1.9412e-08	9.6837e-06	1
