# Result from steady state upscaling
# Pressuredrop  Sw  Krxx  Kryy  Krzz
1.0000e+11	9.6926e-04	8.0340e-07	8.0340e-07	9.8788e-07	4.6151e-12	-5.9500e-12	-1.9791e-14	1.7769e-15	6.5557e-16	4.6151e-12	1
1.0000e+11	3.3530e-02	8.1995e-04	8.1995e-04	1.7648e-03	4.7003e-09	-5.9357e-09	2.7737e-11	2.0979e-12	-4.7083e-13	4.7003e-09	1
1.0000e+11	6.5536e-02	2.3961e-03	2.3961e-03	6.6734e-03	1.2642e-08	-1.7908e-08	-5.0903e-11	9.7514e-12	2.1891e-12	1.2642e-08	1
1.0000e+11	9.7890e-02	4.4743e-03	4.4743e-03	1.5742e-02	2.4169e-08	-3.3713e-08	-8.6235e-11	4.3167e-11	5.5597e-12	2.4169e-08	1
1.0000e+11	1.3040e-01	7.1908e-03	7.1908e-03	2.9858e-02	3.8115e-08	-5.4449e-08	-2.7376e-10	7.9526e-11	1.0587e-11	3.8115e-08	1
1.0000e+11	1.6303e-01	1.0792e-02	1.0792e-02	4.8960e-02	5.6316e-08	-8.2395e-08	-4.6401e-10	1.1262e-10	1.6838e-11	5.6316e-08	1
1.0000e+11	1.9586e-01	1.5798e-02	1.5798e-02	7.2758e-02	8.5872e-08	-1.1216e-07	-1.4459e-11	1.2756e-10	2.9096e-11	8.5872e-08	1
1.0000e+11	2.2899e-01	2.3081e-02	2.3081e-02	1.0022e-01	1.2656e-07	-1.6109e-07	-2.6581e-11	1.7660e-10	4.0097e-11	1.2656e-07	1
1.0000e+11	2.6258e-01	3.4217e-02	3.4217e-02	1.2891e-01	1.8544e-07	-2.3596e-07	-4.3966e-11	2.2871e-10	5.0850e-11	1.8544e-07	1
1.0000e+11	2.9669e-01	5.1646e-02	5.1646e-02	1.5539e-01	2.7552e-07	-3.5445e-07	-4.2528e-11	2.7783e-10	6.0668e-11	2.7552e-07	1
1.0000e+11	3.3112e-01	7.7994e-02	7.7994e-02	1.7709e-01	4.1699e-07	-5.3281e-07	-3.2441e-11	3.1492e-10	6.8457e-11	4.1699e-07	1
1.0000e+11	3.6749e-01	1.1236e-01	1.1236e-01	1.9787e-01	6.2818e-07	-7.4370e-07	-1.6633e-11	3.5239e-10	8.0352e-11	6.2818e-07	1
1.0000e+11	4.2275e-01	1.5061e-01	1.5061e-01	2.3290e-01	9.9290e-07	-9.4004e-07	1.6108e-11	4.5635e-10	1.0591e-10	9.9290e-07	1
