# Result from steady state upscaling
# Pressuredrop  Sw  Krxx  Kryy  Krzz
1.0000e+11	9.6926e-04	9.9813e-01	9.9813e-01	9.9800e-01	8.2214e-10	-4.5667e-09	8.0880e-12	-1.3378e-12	5.4326e-13	8.2214e-10	1
1.0000e+11	3.3530e-02	9.5371e-01	9.5371e-01	9.1488e-01	-2.1830e-06	-2.3332e-06	-8.1774e-11	-8.8010e-11	-6.4448e-11	-2.1830e-06	1
1.0000e+11	6.5536e-02	9.2392e-01	9.2392e-01	8.2469e-01	-2.7379e-06	-1.7629e-06	-3.0918e-11	-1.1520e-10	-1.1277e-10	-2.7379e-06	1
1.0000e+11	9.7890e-02	8.9712e-01	8.9712e-01	7.3575e-01	-3.1960e-06	-1.3303e-06	2.5252e-11	-1.9339e-10	-1.6224e-10	-3.1960e-06	1
1.0000e+11	1.3040e-01	8.7046e-01	8.7046e-01	6.5170e-01	-3.4734e-06	-1.0719e-06	1.1059e-10	-3.0364e-10	-2.0601e-10	-3.4734e-06	1
1.0000e+11	1.6303e-01	8.4233e-01	8.4233e-01	5.7408e-01	-3.5162e-06	-9.9394e-07	2.1091e-10	-4.2650e-10	-2.3594e-10	-3.5162e-06	1
1.0000e+11	1.9586e-01	8.1060e-01	8.1060e-01	5.0437e-01	-3.3547e-06	-1.0178e-06	3.0957e-10	-5.2502e-10	-2.4396e-10	-3.3547e-06	1
1.0000e+11	2.2899e-01	7.7301e-01	7.7301e-01	4.4384e-01	-3.1040e-06	-1.0202e-06	3.7684e-10	-5.6504e-10	-2.2938e-10	-3.1040e-06	1
1.0000e+11	2.6258e-01	7.2678e-01	7.2678e-01	3.9402e-01	-2.8935e-06	-9.0838e-07	3.9546e-10	-5.1676e-10	-1.9997e-10	-2.8935e-06	1
1.0000e+11	2.9669e-01	6.7028e-01	6.7028e-01	3.5596e-01	6.1147e-07	-1.0515e-05	-2.5523e-09	-1.1974e-09	-2.1968e-09	6.1147e-07	1
1.0000e+11	3.3112e-01	6.0622e-01	6.0622e-01	3.2867e-01	-9.1179e-07	-1.0689e-05	-1.9237e-09	-7.9859e-10	3.4450e-10	-9.1179e-07	1
1.0000e+11	3.6749e-01	5.3784e-01	5.3784e-01	3.0490e-01	-2.4380e-06	-1.0793e-05	2.4333e-09	2.0677e-09	7.4422e-10	-2.4380e-06	1
1.0000e+11	4.2275e-01	4.2560e-01	4.2560e-01	2.6724e-01	-1.7124e-06	-8.3158e-06	1.6018e-09	1.6073e-09	4.2912e-10	-1.7124e-06	1
