# Result from steady state upscaling
# Pressuredrop  Sw  Krxx  Kryy  Krzz
1.0000e+02	2.0000e-01	5.4300e-03	5.2793e-03	2.4569e-02	0.0000e+00	0.0000e+00	0.0000e+00	0.0000e+00	0.0000e+00	0.0000e+00	1
1.0000e+03	2.0000e-01	5.4300e-03	5.2793e-03	2.4569e-02	0.0000e+00	0.0000e+00	0.0000e+00	0.0000e+00	0.0000e+00	0.0000e+00	1
1.0000e+04	2.0000e-01	5.4300e-03	5.2793e-03	2.4569e-02	0.0000e+00	0.0000e+00	0.0000e+00	0.0000e+00	0.0000e+00	0.0000e+00	1
1.0000e+05	2.0000e-01	5.4300e-03	5.2793e-03	2.4569e-02	0.0000e+00	0.0000e+00	0.0000e+00	0.0000e+00	0.0000e+00	0.0000e+00	1
1.0000e+06	2.0000e-01	5.4300e-03	5.2793e-03	2.4569e-02	0.0000e+00	0.0000e+00	0.0000e+00	0.0000e+00	0.0000e+00	0.0000e+00	1
1.0000e+02	4.0000e-01	7.7797e-02	7.5676e-02	1.5289e-01	0.0000e+00	0.0000e+00	0.0000e+00	0.0000e+00	0.0000e+00	0.0000e+00	1
1.0000e+03	4.0000e-01	7.7797e-02	7.5676e-02	1.5289e-01	0.0000e+00	0.0000e+00	0.0000e+00	0.0000e+00	0.0000e+00	0.0000e+00	1
1.0000e+04	4.0000e-01	7.7797e-02	7.5676e-02	1.5289e-01	0.0000e+00	0.0000e+00	0.0000e+00	0.0000e+00	0.0000e+00	0.0000e+00	1
1.0000e+05	4.0184e-01	7.9703e-02	7.7642e-02	1.5358e-01	0.0000e+00	0.0000e+00	0.0000e+00	0.0000e+00	0.0000e+00	0.0000e+00	1
1.0000e+06	4.3403e-01	1.0773e-01	1.0959e-01	1.5892e-01	0.0000e+00	0.0000e+00	0.0000e+00	0.0000e+00	0.0000e+00	0.0000e+00	1
1.0000e+02	6.0000e-01	2.8594e-01	2.8806e-01	2.2646e-01	0.0000e+00	0.0000e+00	0.0000e+00	0.0000e+00	0.0000e+00	0.0000e+00	1
1.0000e+03	6.0000e-01	2.8594e-01	2.8806e-01	2.2646e-01	0.0000e+00	0.0000e+00	0.0000e+00	0.0000e+00	0.0000e+00	0.0000e+00	1
1.0000e+04	6.0000e-01	2.8594e-01	2.8806e-01	2.2646e-01	0.0000e+00	0.0000e+00	0.0000e+00	0.0000e+00	0.0000e+00	0.0000e+00	1
1.0000e+05	5.8169e-01	2.6907e-01	2.6980e-01	2.1912e-01	0.0000e+00	0.0000e+00	0.0000e+00	0.0000e+00	0.0000e+00	0.0000e+00	1
1.0000e+06	5.7517e-01	2.6416e-01	2.6169e-01	2.2177e-01	0.0000e+00	0.0000e+00	0.0000e+00	0.0000e+00	0.0000e+00	0.0000e+00	1
1.0000e+02	8.0000e-01	6.6918e-01	6.7922e-01	3.8699e-01	0.0000e+00	0.0000e+00	0.0000e+00	0.0000e+00	0.0000e+00	0.0000e+00	1
1.0000e+03	8.0000e-01	6.6918e-01	6.7922e-01	3.8699e-01	0.0000e+00	0.0000e+00	0.0000e+00	0.0000e+00	0.0000e+00	0.0000e+00	1
1.0000e+04	8.0000e-01	6.6918e-01	6.7922e-01	3.8699e-01	0.0000e+00	0.0000e+00	0.0000e+00	0.0000e+00	0.0000e+00	0.0000e+00	1
1.0000e+05	8.0000e-01	6.6918e-01	6.7922e-01	3.8699e-01	0.0000e+00	0.0000e+00	0.0000e+00	0.0000e+00	0.0000e+00	0.0000e+00	1
1.0000e+06	7.9424e-01	6.5219e-01	6.6111e-01	3.7998e-01	0.0000e+00	0.0000e+00	0.0000e+00	0.0000e+00	0.0000e+00	0.0000e+00	1
