# Result from steady state upscaling
# Pressuredrop  Sw  Krxx  Kryy  Krzz
1.0000e+02	2.0000e-01	4.9772e-01	5.0434e-01	3.4955e-01	0.0000e+00	0.0000e+00	0.0000e+00	0.0000e+00	0.0000e+00	0.0000e+00	1
1.0000e+03	2.0000e-01	4.9772e-01	5.0434e-01	3.4955e-01	0.0000e+00	0.0000e+00	0.0000e+00	0.0000e+00	0.0000e+00	0.0000e+00	1
1.0000e+04	2.0000e-01	4.9772e-01	5.0434e-01	3.4955e-01	0.0000e+00	0.0000e+00	0.0000e+00	0.0000e+00	0.0000e+00	0.0000e+00	1
1.0000e+05	2.0000e-01	4.9772e-01	5.0434e-01	3.4955e-01	0.0000e+00	0.0000e+00	0.0000e+00	0.0000e+00	0.0000e+00	0.0000e+00	1
1.0000e+06	2.0000e-01	4.9772e-01	5.0434e-01	3.4955e-01	0.0000e+00	0.0000e+00	0.0000e+00	0.0000e+00	0.0000e+00	0.0000e+00	1
1.0000e+02	4.0000e-01	2.5645e-01	2.6247e-01	1.1557e-01	0.0000e+00	0.0000e+00	0.0000e+00	0.0000e+00	0.0000e+00	0.0000e+00	1
1.0000e+03	4.0000e-01	2.5645e-01	2.6247e-01	1.1557e-01	0.0000e+00	0.0000e+00	0.0000e+00	0.0000e+00	0.0000e+00	0.0000e+00	1
1.0000e+04	4.0000e-01	2.5645e-01	2.6247e-01	1.1557e-01	0.0000e+00	0.0000e+00	0.0000e+00	0.0000e+00	0.0000e+00	0.0000e+00	1
1.0000e+05	4.0184e-01	2.5448e-01	2.6026e-01	1.1502e-01	0.0000e+00	0.0000e+00	0.0000e+00	0.0000e+00	0.0000e+00	0.0000e+00	1
1.0000e+06	4.3403e-01	2.0918e-01	2.0285e-01	1.1196e-01	0.0000e+00	0.0000e+00	0.0000e+00	0.0000e+00	0.0000e+00	0.0000e+00	1
1.0000e+02	6.0000e-01	1.4266e-02	1.4009e-02	3.1998e-02	0.0000e+00	0.0000e+00	0.0000e+00	0.0000e+00	0.0000e+00	0.0000e+00	1
1.0000e+03	6.0000e-01	1.4266e-02	1.4009e-02	3.1998e-02	0.0000e+00	0.0000e+00	0.0000e+00	0.0000e+00	0.0000e+00	0.0000e+00	1
1.0000e+04	6.0000e-01	1.4266e-02	1.4009e-02	3.1998e-02	0.0000e+00	0.0000e+00	0.0000e+00	0.0000e+00	0.0000e+00	0.0000e+00	1
1.0000e+05	5.8169e-01	1.7507e-02	1.7346e-02	3.8896e-02	0.0000e+00	0.0000e+00	0.0000e+00	0.0000e+00	0.0000e+00	0.0000e+00	1
1.0000e+06	5.7517e-01	1.8496e-02	1.9032e-02	3.6756e-02	0.0000e+00	0.0000e+00	0.0000e+00	0.0000e+00	0.0000e+00	0.0000e+00	1
1.0000e+02	8.0000e-01	8.2339e-04	8.0204e-04	4.3186e-03	0.0000e+00	0.0000e+00	0.0000e+00	0.0000e+00	0.0000e+00	0.0000e+00	1
1.0000e+03	8.0000e-01	8.2339e-04	8.0204e-04	4.3186e-03	0.0000e+00	0.0000e+00	0.0000e+00	0.0000e+00	0.0000e+00	0.0000e+00	1
1.0000e+04	8.0000e-01	8.2339e-04	8.0204e-04	4.3186e-03	0.0000e+00	0.0000e+00	0.0000e+00	0.0000e+00	0.0000e+00	0.0000e+00	1
1.0000e+05	8.0000e-01	8.2339e-04	8.0204e-04	4.3186e-03	0.0000e+00	0.0000e+00	0.0000e+00	0.0000e+00	0.0000e+00	0.0000e+00	1
1.0000e+06	7.9424e-01	9.5152e-04	9.2867e-04	4.6567e-03	0.0000e+00	0.0000e+00	0.0000e+00	0.0000e+00	0.0000e+00	0.0000e+00	1
