# Result from steady state upscaling
# Pressuredrop  Sw  Krxx  Kryy  Krzz
1.0000e+00	1.0100e-02	9.8007e-01	9.8007e-01	9.7670e-01	-2.7355e-05	7.0552e-06	-2.9621e-08	3.6245e-08	-3.8209e-08	-2.7355e-05	1
1.0000e+01	1.0183e-02	9.8007e-01	9.8007e-01	9.7351e-01	1.0038e-05	2.7145e-05	-1.4525e-07	5.9369e-08	-1.6027e-07	1.0038e-05	1
1.0000e+02	1.0265e-02	9.8007e-01	9.8007e-01	9.7037e-01	2.5746e-05	1.0956e-05	-1.5758e-07	1.3497e-07	5.6611e-08	2.5746e-05	1
1.0000e+03	1.0346e-02	9.8007e-01	9.8007e-01	9.6727e-01	3.2397e-05	4.7263e-06	7.0754e-08	3.1559e-08	-4.5606e-08	3.2397e-05	1
1.0000e+04	1.0427e-02	9.8007e-01	9.8007e-01	9.6421e-01	3.2405e-05	4.7666e-06	7.0690e-08	3.1566e-08	-4.5345e-08	3.2405e-05	1
1.0000e+00	1.0800e-01	8.2901e-01	8.2901e-01	2.9551e-01	1.6244e-05	3.7809e-05	-9.0037e-08	-1.7515e-08	1.0575e-08	1.6244e-05	1
1.0000e+01	1.0800e-01	8.2901e-01	8.2901e-01	2.9551e-01	1.6244e-05	3.7809e-05	-9.0037e-08	-1.7515e-08	1.0575e-08	1.6244e-05	1
1.0000e+02	1.0800e-01	8.2901e-01	8.2901e-01	2.9551e-01	1.6244e-05	3.7809e-05	-9.0037e-08	-1.7515e-08	1.0575e-08	1.6244e-05	1
1.0000e+03	1.0800e-01	8.2905e-01	8.2905e-01	2.9497e-01	1.6017e-05	-7.6483e-06	-7.2427e-08	1.5626e-08	6.0848e-08	1.6017e-05	1
1.0000e+04	1.0800e-01	8.2891e-01	8.2891e-01	2.9656e-01	1.5345e-05	2.1401e-05	-6.4950e-08	1.3992e-08	-1.3059e-08	1.5345e-05	1
1.0000e+00	2.0600e-01	6.5388e-01	6.5388e-01	2.6920e-01	-5.5226e-06	1.0591e-05	5.6766e-08	-2.9114e-08	-3.5622e-08	-5.5226e-06	1
1.0000e+01	2.0600e-01	6.5388e-01	6.5388e-01	2.6920e-01	-5.5226e-06	1.0591e-05	5.6766e-08	-2.9114e-08	-3.5622e-08	-5.5226e-06	1
1.0000e+02	2.0600e-01	6.5388e-01	6.5388e-01	2.6920e-01	-5.5226e-06	1.0591e-05	5.6766e-08	-2.9114e-08	-3.5622e-08	-5.5226e-06	1
1.0000e+03	2.0600e-01	6.5389e-01	6.5389e-01	2.6913e-01	-2.3096e-05	7.8806e-06	-1.3801e-07	4.2834e-09	-2.6885e-08	-2.3096e-05	1
1.0000e+04	2.0600e-01	6.5379e-01	6.5379e-01	2.7027e-01	-2.3117e-05	7.8648e-06	-1.3786e-07	4.2806e-09	-2.6952e-08	-2.3117e-05	1
1.0000e+00	3.0400e-01	4.9831e-01	4.9831e-01	2.6033e-01	1.9516e-05	-2.2331e-06	-1.5291e-07	1.1806e-08	-2.5604e-08	1.9516e-05	1
1.0000e+01	3.0400e-01	4.9831e-01	4.9831e-01	2.6033e-01	1.9516e-05	-2.2331e-06	-1.5291e-07	1.1806e-08	-2.5604e-08	1.9516e-05	1
1.0000e+02	3.0400e-01	4.9831e-01	4.9831e-01	2.6033e-01	1.9516e-05	-2.2331e-06	-1.5291e-07	1.1806e-08	-2.5604e-08	1.9516e-05	1
1.0000e+03	3.0400e-01	4.9831e-01	4.9831e-01	2.6033e-01	1.9516e-05	-2.2331e-06	-1.5291e-07	1.1806e-08	-2.5604e-08	1.9516e-05	1
1.0000e+04	3.0400e-01	4.9826e-01	4.9826e-01	2.6096e-01	7.0330e-06	-1.4834e-07	-1.0979e-07	1.1110e-09	-2.3825e-08	7.0330e-06	1
1.0000e+00	4.0200e-01	3.6360e-01	3.6360e-01	2.5490e-01	1.1911e-05	2.3247e-06	-4.2280e-08	9.3261e-09	-1.2865e-08	1.1911e-05	1
1.0000e+01	4.0200e-01	3.6360e-01	3.6360e-01	2.5490e-01	1.1911e-05	2.3247e-06	-4.2280e-08	9.3261e-09	-1.2865e-08	1.1911e-05	1
1.0000e+02	4.0200e-01	3.6360e-01	3.6360e-01	2.5490e-01	1.1911e-05	2.3247e-06	-4.2280e-08	9.3261e-09	-1.2865e-08	1.1911e-05	1
1.0000e+03	4.0200e-01	3.6360e-01	3.6360e-01	2.5490e-01	1.1911e-05	2.3247e-06	-4.2280e-08	9.3261e-09	-1.2865e-08	1.1911e-05	1
1.0000e+04	4.0200e-01	3.6358e-01	3.6358e-01	2.5516e-01	-1.1946e-06	8.2582e-06	-8.8102e-08	-8.3600e-09	-1.2466e-08	-1.1946e-06	1
