# Result from steady state upscaling
# Pressuredrop  Sw  Krxx  Kryy  Krzz
1.0000e+00	1.0100e-02	5.1470e-07	5.1470e-07	1.8166e-05	-9.9099e-12	1.9091e-11	-3.8289e-14	-6.7409e-15	-1.3672e-12	-9.9099e-12	1
1.0000e+01	1.0183e-02	5.4862e-07	5.4862e-07	2.2023e-05	1.3419e-12	8.1332e-12	-6.7270e-14	-1.3702e-13	-1.4141e-12	1.3419e-12	1
1.0000e+02	1.0265e-02	5.8773e-07	5.8773e-07	2.4853e-05	-3.3178e-11	1.5645e-11	-1.7957e-14	-1.6702e-13	-1.5730e-12	-3.3178e-11	1
1.0000e+03	1.0346e-02	6.3341e-07	6.3341e-07	2.7602e-05	5.9907e-12	-5.2692e-13	-9.4821e-14	-2.3488e-13	-1.8073e-12	5.9907e-12	1
1.0000e+04	1.0427e-02	6.8757e-07	6.8757e-07	3.0591e-05	8.4910e-12	-2.5441e-13	-1.2927e-13	-8.8117e-14	-2.1021e-12	8.4910e-12	1
1.0000e+00	1.0800e-01	8.0273e-03	8.0273e-03	1.4345e-01	-2.7629e-08	3.1723e-07	-1.0170e-09	5.8427e-10	-1.1497e-08	-2.7629e-08	1
1.0000e+01	1.0800e-01	8.0273e-03	8.0273e-03	1.4345e-01	-2.7629e-08	3.1723e-07	-1.0170e-09	5.8427e-10	-1.1497e-08	-2.7629e-08	1
1.0000e+02	1.0800e-01	8.0273e-03	8.0273e-03	1.4345e-01	-2.7629e-08	3.1723e-07	-1.0170e-09	5.8427e-10	-1.1497e-08	-2.7629e-08	1
1.0000e+03	1.0800e-01	8.0195e-03	8.0195e-03	1.4363e-01	-2.6189e-07	4.2502e-08	-2.4246e-09	-2.6528e-09	-9.4002e-09	-2.6189e-07	1
1.0000e+04	1.0800e-01	8.0325e-03	8.0325e-03	1.4311e-01	3.3348e-08	8.0006e-08	-2.1851e-10	4.0178e-11	-8.8177e-09	3.3348e-08	1
1.0000e+00	2.0600e-01	3.6644e-02	3.6644e-02	2.1291e-01	1.3527e-07	-3.6394e-08	-2.5776e-08	-4.8046e-09	-1.5430e-08	1.3527e-07	1
1.0000e+01	2.0600e-01	3.6644e-02	3.6644e-02	2.1291e-01	1.3527e-07	-3.6394e-08	-2.5776e-08	-4.8046e-09	-1.5430e-08	1.3527e-07	1
1.0000e+02	2.0600e-01	3.6644e-02	3.6644e-02	2.1291e-01	1.3527e-07	-3.6394e-08	-2.5776e-08	-4.8046e-09	-1.5430e-08	1.3527e-07	1
1.0000e+03	2.0600e-01	3.6642e-02	3.6642e-02	2.1296e-01	6.3826e-07	7.4621e-07	-5.5618e-09	-2.1236e-09	-1.6250e-08	6.3826e-07	1
1.0000e+04	2.0600e-01	3.6664e-02	3.6664e-02	2.1210e-01	1.0254e-07	-6.3154e-08	-3.2665e-09	7.8860e-10	-1.7077e-08	1.0254e-07	1
1.0000e+00	3.0400e-01	8.6527e-02	8.6527e-02	2.3431e-01	1.4965e-06	-1.2134e-06	-2.3260e-08	6.6119e-09	-2.2105e-08	1.4965e-06	1
1.0000e+01	3.0400e-01	8.6527e-02	8.6527e-02	2.3431e-01	1.4965e-06	-1.2134e-06	-2.3260e-08	6.6119e-09	-2.2105e-08	1.4965e-06	1
1.0000e+02	3.0400e-01	8.6527e-02	8.6527e-02	2.3431e-01	1.4965e-06	-1.2134e-06	-2.3260e-08	6.6119e-09	-2.2105e-08	1.4965e-06	1
1.0000e+03	3.0400e-01	8.6527e-02	8.6527e-02	2.3431e-01	1.4965e-06	-1.2134e-06	-2.3260e-08	6.6119e-09	-2.2105e-08	1.4965e-06	1
1.0000e+04	3.0400e-01	8.6547e-02	8.6547e-02	2.3375e-01	-3.8880e-07	1.1714e-06	3.9581e-09	4.8434e-09	-2.2981e-08	-3.8880e-07	1
1.0000e+00	4.0200e-01	1.5765e-01	1.5765e-01	2.4404e-01	2.8880e-06	-1.2735e-06	3.3961e-08	-5.0557e-09	-2.3702e-08	2.8880e-06	1
1.0000e+01	4.0200e-01	1.5765e-01	1.5765e-01	2.4404e-01	2.8880e-06	-1.2735e-06	3.3961e-08	-5.0557e-09	-2.3702e-08	2.8880e-06	1
1.0000e+02	4.0200e-01	1.5765e-01	1.5765e-01	2.4404e-01	2.8880e-06	-1.2735e-06	3.3961e-08	-5.0557e-09	-2.3702e-08	2.8880e-06	1
1.0000e+03	4.0200e-01	1.5765e-01	1.5765e-01	2.4404e-01	2.8880e-06	-1.2735e-06	3.3961e-08	-5.0557e-09	-2.3702e-08	2.8880e-06	1
1.0000e+04	4.0200e-01	1.5766e-01	1.5766e-01	2.4379e-01	3.4371e-06	1.4608e-06	-2.0884e-08	-1.3225e-08	-2.0368e-08	3.4371e-06	1
