# Result from steady state upscaling
# Pressuredrop  Sw  Krxx  Kryy  Krzz
1.0000e+07	9.6557e-04	9.9860e-01	9.9860e-01	9.9754e-01	-9.0618e-06	-1.5555e-06	6.6339e-08	2.8356e-09	-7.5443e-09	-9.0618e-06	1
1.0000e+07	1.7653e-02	9.9753e-01	9.9753e-01	9.3298e-01	-2.3781e-05	-7.8763e-06	-4.7882e-09	-1.2761e-09	-2.5669e-09	-2.3781e-05	1
1.0000e+07	3.4467e-02	9.9478e-01	9.9478e-01	8.7162e-01	-1.6352e-05	-4.3794e-06	-7.3484e-08	3.1299e-09	9.7842e-09	-1.6352e-05	1
1.0000e+07	5.1301e-02	9.9225e-01	9.9225e-01	8.1200e-01	-2.2698e-05	-3.2872e-06	1.3032e-08	3.1167e-08	2.2199e-08	-2.2698e-05	1
1.0000e+07	6.8143e-02	9.8397e-01	9.8397e-01	7.5943e-01	-6.1207e-06	-2.5347e-07	1.8029e-08	2.5086e-08	2.1952e-08	-6.1207e-06	1
1.0000e+07	8.4998e-02	9.7588e-01	9.7588e-01	7.0843e-01	-4.2774e-07	-2.9063e-06	2.9926e-08	2.9865e-08	2.2225e-08	-4.2774e-07	1
1.0000e+07	1.0189e-01	9.7569e-01	9.7569e-01	6.5246e-01	-6.0878e-06	4.2975e-08	-2.5987e-07	2.6375e-08	3.9947e-08	-6.0878e-06	1
1.0000e+07	1.1880e-01	9.7164e-01	9.7164e-01	6.0179e-01	-1.4141e-05	-8.2905e-06	-3.4580e-08	4.4094e-08	1.5102e-08	-1.4141e-05	1
1.0000e+07	1.3576e-01	9.6623e-01	9.6623e-01	5.5403e-01	6.7416e-06	6.0505e-06	3.1445e-08	6.4960e-08	-5.2186e-09	6.7416e-06	1
1.0000e+07	1.5278e-01	9.5947e-01	9.5947e-01	5.0908e-01	-1.7483e-05	-9.6451e-06	-1.3151e-08	4.3809e-08	1.0515e-08	-1.7483e-05	1
1.0000e+07	1.7001e-01	9.5831e-01	9.5831e-01	4.6251e-01	9.3455e-06	-6.8521e-06	-7.6146e-08	4.8412e-08	4.3211e-09	9.3455e-06	1
1.0000e+07	1.8715e-01	9.4426e-01	9.4426e-01	4.2561e-01	-8.7329e-06	-1.2679e-05	-9.0432e-08	-1.6712e-08	1.2812e-08	-8.7329e-06	1
1.0000e+07	2.0478e-01	9.3401e-01	9.3401e-01	3.8825e-01	-6.9995e-06	-4.4352e-07	-2.1733e-08	5.2275e-08	-6.2528e-09	-6.9995e-06	1
1.0000e+07	2.2213e-01	9.1021e-01	9.1021e-01	3.6042e-01	-8.4497e-06	-1.2095e-05	-8.8098e-08	-1.0224e-08	1.7138e-08	-8.4497e-06	1
1.0000e+07	2.4106e-01	8.9078e-01	8.9078e-01	3.2909e-01	-1.8785e-05	2.6379e-06	1.3490e-07	-3.6673e-09	2.6817e-08	-1.8785e-05	1
1.0000e+07	2.5917e-01	8.5426e-01	8.5426e-01	3.1026e-01	-1.5266e-05	5.6910e-06	-1.1408e-07	4.7989e-08	3.0722e-08	-1.5266e-05	1
1.0000e+07	2.7666e-01	8.1005e-01	8.1005e-01	2.9863e-01	-3.0236e-06	-1.8790e-05	3.7609e-08	4.5564e-08	1.3001e-08	-3.0236e-06	1
1.0000e+07	2.9317e-01	7.6118e-01	7.6118e-01	2.9352e-01	-1.0292e-05	-5.4201e-06	-4.6010e-08	4.0077e-08	5.0805e-09	-1.0292e-05	1
1.0000e+07	3.1089e-01	7.1397e-01	7.1397e-01	2.8626e-01	-1.2598e-05	-7.4399e-06	-1.3409e-07	4.2518e-08	6.3036e-09	-1.2598e-05	1
1.0000e+07	3.2754e-01	6.6608e-01	6.6608e-01	2.8376e-01	-1.3289e-05	-1.3776e-05	1.6891e-08	3.3155e-08	1.7025e-08	-1.3289e-05	1
1.0000e+07	3.7272e-01	5.5365e-01	5.5365e-01	2.6067e-01	-9.2413e-06	-7.4868e-06	-7.0241e-08	2.8507e-08	4.8389e-09	-9.2413e-06	1
1.0000e+07	3.9718e-01	4.8722e-01	4.8722e-01	2.5780e-01	-2.6355e-06	-1.9665e-05	-4.2877e-08	1.5678e-08	1.1838e-08	-2.6355e-06	1
1.0000e+07	4.2166e-01	4.2419e-01	4.2419e-01	2.5553e-01	5.0202e-06	-9.7258e-07	-5.3085e-08	2.5120e-08	-2.0524e-09	5.0202e-06	1
1.0000e+07	4.4617e-01	3.6503e-01	3.6503e-01	2.5364e-01	5.3564e-06	-8.7712e-07	-3.3560e-08	-1.3358e-08	-1.5027e-08	5.3564e-06	1
1.0000e+07	4.7075e-01	3.0992e-01	3.0992e-01	2.5195e-01	-1.0635e-05	4.4396e-06	-3.0287e-08	9.3853e-09	-9.2760e-09	-1.0635e-05	1
1.0000e+07	4.9988e-01	2.5024e-01	2.5024e-01	2.5000e-01	-2.7043e-06	-5.5123e-07	-1.7141e-09	8.2408e-09	-1.3677e-08	-2.7043e-06	1
1.0000e+07	5.2607e-01	2.0213e-01	2.0213e-01	2.4830e-01	-8.2748e-08	6.1257e-06	-3.7411e-08	3.9923e-09	-7.7752e-09	-8.2748e-08	1
1.0000e+07	5.5040e-01	1.6207e-01	1.6207e-01	2.4663e-01	-1.9949e-06	7.1748e-06	-5.9709e-09	-8.8135e-09	-1.5787e-08	-1.9949e-06	1
1.0000e+07	5.7418e-01	1.2730e-01	1.2730e-01	2.4482e-01	-1.3478e-06	-2.6722e-06	1.0330e-08	-1.0164e-08	-1.3720e-08	-1.3478e-06	1
1.0000e+07	5.9873e-01	9.6023e-02	9.6021e-02	2.4259e-01	5.0123e-07	-2.2824e-06	-7.3789e-09	-1.2600e-08	-1.6700e-08	5.0123e-07	1
1.0000e+07	6.2325e-01	6.9480e-02	6.9480e-02	2.3976e-01	-9.2324e-07	-8.5029e-07	-6.9362e-09	-1.7064e-08	-1.9389e-08	-9.2324e-07	1
1.0000e+07	6.4759e-01	4.7760e-02	4.7758e-02	2.3600e-01	1.3150e-07	-7.8889e-07	-6.6409e-09	-1.7199e-08	-1.9114e-08	1.3150e-07	1
1.0000e+07	6.7190e-01	3.0673e-02	3.0673e-02	2.3054e-01	-4.4211e-07	-4.7126e-07	-4.4611e-09	-1.9280e-08	-1.9735e-08	-4.4211e-07	1
1.0000e+07	6.9955e-01	1.7673e-02	1.7673e-02	2.1835e-01	-4.3955e-07	4.8567e-08	6.8290e-10	-2.1157e-08	-2.0276e-08	-4.3955e-07	1
1.0000e+07	7.2289e-01	1.1327e-02	1.1327e-02	1.9911e-01	-1.8565e-07	-1.0630e-07	-9.8556e-10	-1.9669e-08	-1.8623e-08	-1.8565e-07	1
1.0000e+07	7.4113e-01	6.5332e-03	6.5332e-03	1.8587e-01	-1.8841e-08	-1.5761e-07	-1.2693e-09	-1.8349e-08	-1.7446e-08	-1.8841e-08	1
1.0000e+07	7.5910e-01	3.5851e-03	3.5851e-03	1.6923e-01	-3.9541e-08	1.8772e-09	-2.8433e-10	-1.6794e-08	-1.5998e-08	-3.9541e-08	1
1.0000e+07	7.7802e-01	2.7818e-03	2.7818e-03	1.4130e-01	-4.8081e-08	-1.1986e-08	-1.8950e-10	-1.4087e-08	-1.3260e-08	-4.8081e-08	1
1.0000e+07	7.9532e-01	1.4610e-03	1.4610e-03	1.2206e-01	1.3422e-08	-3.0727e-08	-8.1040e-11	-1.2156e-08	-1.1549e-08	1.3422e-08	1
1.0000e+07	8.1296e-01	1.3533e-03	1.3533e-03	9.8510e-02	1.4376e-08	2.9723e-08	1.3197e-10	-9.7901e-09	-9.2872e-09	1.4376e-08	1
1.0000e+07	8.3004e-01	7.8701e-04	7.8700e-04	8.0642e-02	6.1370e-09	1.9011e-08	-3.3413e-11	-7.9678e-09	-7.6042e-09	6.1370e-09	1
1.0000e+07	8.4723e-01	7.6694e-04	7.6693e-04	6.3104e-02	2.6856e-08	-5.7936e-09	2.3369e-10	-6.1523e-09	-5.9296e-09	2.6856e-08	1
1.0000e+07	8.6415e-01	3.9702e-04	3.9701e-04	4.9188e-02	6.0373e-08	1.8230e-08	3.0112e-10	-4.6650e-09	-4.6037e-09	6.0373e-08	1
1.0000e+07	8.8111e-01	2.8465e-04	2.8464e-04	3.6869e-02	3.5063e-08	2.8157e-08	-3.2461e-11	-3.5699e-09	-3.3884e-09	3.5063e-08	1
1.0000e+07	8.9808e-01	3.2832e-04	3.2830e-04	2.6345e-02	5.4841e-08	1.8736e-08	2.3230e-10	-2.4161e-09	-2.4136e-09	5.4841e-08	1
1.0000e+07	9.1498e-01	2.8739e-04	2.8737e-04	1.7690e-02	1.3255e-07	4.0074e-08	2.5691e-10	-1.2318e-09	-1.4973e-09	1.3255e-07	1
1.0000e+07	9.3182e-01	1.5733e-04	1.5732e-04	1.1221e-02	1.0589e-07	3.2856e-08	5.1347e-10	-6.9118e-10	-9.2391e-10	1.0589e-07	1
1.0000e+07	9.4869e-01	1.6462e-04	1.6460e-04	5.9213e-03	9.3857e-08	2.5768e-08	5.1533e-10	-2.1451e-10	-4.5235e-10	9.3857e-08	1
1.0000e+07	9.6543e-01	9.8266e-05	9.8248e-05	2.5063e-03	5.9784e-09	-7.3875e-10	7.0564e-10	-2.2336e-10	-2.3661e-10	5.9784e-09	1
1.0000e+07	9.8229e-01	7.7033e-05	7.7033e-05	5.5230e-04	6.3009e-08	6.0000e-07	7.9425e-11	1.9974e-10	2.3445e-09	6.3009e-08	1
