# Result from steady state upscaling
# Pressuredrop  Sw  Krxx  Kryy  Krzz
1.0000e+07	9.6557e-04	1.1461e-08	1.1461e-08	1.1999e-06	7.5347e-14	-1.9696e-13	-1.5910e-16	-1.1963e-13	-1.1360e-13	7.5347e-14	1
1.0000e+07	1.7653e-02	2.7346e-06	2.7346e-06	6.3371e-04	3.3645e-11	5.7748e-11	6.3473e-13	-6.3055e-11	-5.9791e-11	3.3645e-11	1
1.0000e+07	3.4467e-02	1.1043e-05	1.1043e-05	2.4960e-03	-1.9052e-11	1.2837e-11	6.6050e-13	-2.4855e-10	-2.3581e-10	-1.9052e-11	1
1.0000e+07	5.1301e-02	2.4453e-05	2.4453e-05	5.6194e-03	4.4102e-10	-1.0620e-09	-5.7963e-12	-5.6058e-10	-5.3499e-10	4.4102e-10	1
1.0000e+07	6.8143e-02	8.6033e-05	8.6033e-05	1.1377e-02	-1.5992e-09	-2.3158e-09	-1.0756e-11	-1.1408e-09	-1.0741e-09	-1.5992e-09	1
1.0000e+07	8.4998e-02	1.9044e-04	1.9044e-04	1.8119e-02	-1.7872e-09	-4.8544e-09	2.1939e-11	-1.8033e-09	-1.7141e-09	-1.7872e-09	1
1.0000e+07	1.0189e-01	1.9483e-04	1.9483e-04	2.6496e-02	4.4059e-09	1.1232e-09	3.7104e-12	-2.6429e-09	-2.5054e-09	4.4059e-09	1
1.0000e+07	1.1880e-01	2.6297e-04	2.6297e-04	3.6748e-02	2.6241e-09	-1.3596e-09	6.5289e-11	-3.6792e-09	-3.5014e-09	2.6241e-09	1
1.0000e+07	1.3576e-01	3.6686e-04	3.6686e-04	4.9157e-02	1.0468e-08	7.3915e-09	6.9707e-11	-4.9367e-09	-4.6459e-09	1.0468e-08	1
1.0000e+07	1.5278e-01	5.1810e-04	5.1810e-04	6.3810e-02	-7.0730e-09	-3.0575e-09	1.1511e-10	-6.3584e-09	-6.0336e-09	-7.0730e-09	1
1.0000e+07	1.7001e-01	5.4310e-04	5.4310e-04	8.0879e-02	1.2887e-08	-8.6321e-09	-8.6737e-11	-8.1147e-09	-7.6638e-09	1.2887e-08	1
1.0000e+07	1.8715e-01	9.3938e-04	9.3938e-04	1.0042e-01	-2.4298e-08	3.5432e-09	-6.9107e-11	-1.0049e-08	-9.4853e-09	-2.4298e-08	1
1.0000e+07	2.0478e-01	1.2771e-03	1.2771e-03	1.2361e-01	-3.7207e-09	-2.2348e-08	4.1089e-12	-1.2369e-08	-1.1635e-08	-3.7207e-09	1
1.0000e+07	2.2213e-01	2.3730e-03	2.3730e-03	1.4387e-01	2.1437e-08	2.3358e-08	-2.5899e-11	-1.4330e-08	-1.3587e-08	2.1437e-08	1
1.0000e+07	2.4106e-01	3.3794e-03	3.3794e-03	1.7072e-01	-5.5142e-08	-1.0728e-08	5.8001e-11	-1.6915e-08	-1.6071e-08	-5.5142e-08	1
1.0000e+07	2.5917e-01	6.1681e-03	6.1681e-03	1.8811e-01	-4.9774e-08	-1.3779e-07	-1.5757e-09	-1.8631e-08	-1.7557e-08	-4.9774e-08	1
1.0000e+07	2.7666e-01	1.1143e-02	1.1143e-02	1.9897e-01	4.7068e-08	1.7528e-08	-6.2835e-10	-1.9577e-08	-1.8630e-08	4.7068e-08	1
1.0000e+07	2.9317e-01	1.9373e-02	1.9373e-02	2.0327e-01	-4.3048e-07	-1.0226e-07	1.8626e-09	-2.0043e-08	-1.9060e-08	-4.3048e-07	1
1.0000e+07	3.1089e-01	2.9414e-02	2.9414e-02	2.1056e-01	-5.7011e-07	-8.0128e-08	2.0270e-09	-2.0738e-08	-1.9465e-08	-5.7011e-07	1
1.0000e+07	3.2754e-01	4.3562e-02	4.3562e-02	2.1269e-01	-7.2394e-07	-2.5642e-07	3.4045e-09	-2.0981e-08	-1.9757e-08	-7.2394e-07	1
1.0000e+07	3.7272e-01	6.5856e-02	6.5856e-02	2.3904e-01	-1.3045e-06	-5.8684e-07	1.0724e-08	-1.8755e-08	-2.0713e-08	-1.3045e-06	1
1.0000e+07	3.9718e-01	9.1532e-02	9.1532e-02	2.4204e-01	-1.0319e-06	-2.3132e-06	-1.7645e-09	-1.6558e-08	-1.5265e-08	-1.0319e-06	1
1.0000e+07	4.2166e-01	1.2192e-01	1.2192e-01	2.4438e-01	-1.5693e-06	-3.5217e-07	6.3059e-09	-1.4286e-08	-1.7177e-08	-1.5693e-06	1
1.0000e+07	4.4617e-01	1.5700e-01	1.5700e-01	2.4633e-01	-4.0624e-06	-2.3044e-06	1.7683e-08	-9.8356e-09	-1.4145e-08	-4.0624e-06	1
1.0000e+07	4.7075e-01	1.9684e-01	1.9684e-01	2.4805e-01	-7.8190e-06	-2.2893e-06	1.2573e-08	-4.5045e-09	-1.2294e-08	-7.8190e-06	1
1.0000e+07	4.9988e-01	2.4976e-01	2.4976e-01	2.5000e-01	-9.8966e-07	-1.9620e-06	-1.9516e-09	-2.2501e-10	-1.2503e-08	-9.8966e-07	1
1.0000e+07	5.2607e-01	3.0301e-01	3.0300e-01	2.5171e-01	8.6474e-07	-1.1990e-07	-1.6060e-08	5.4691e-09	-5.8933e-09	8.6474e-07	1
1.0000e+07	5.5040e-01	3.5698e-01	3.5698e-01	2.5334e-01	-1.3607e-06	-7.8508e-06	-1.6054e-08	1.1762e-08	-9.1652e-09	-1.3607e-06	1
1.0000e+07	5.7418e-01	4.1378e-01	4.1378e-01	2.5510e-01	-5.6926e-06	-1.3707e-05	1.4317e-08	3.8202e-09	6.8369e-09	-5.6926e-06	1
1.0000e+07	5.9873e-01	4.7640e-01	4.7640e-01	2.5727e-01	-2.4464e-05	-4.2728e-06	-1.5836e-08	-2.5685e-08	4.5826e-09	-2.4464e-05	1
1.0000e+07	6.2325e-01	5.4253e-01	5.4253e-01	2.5997e-01	3.3827e-07	5.6867e-08	-4.5125e-08	3.5029e-08	1.2334e-08	3.3827e-07	1
1.0000e+07	6.4759e-01	6.1109e-01	6.1108e-01	2.6356e-01	-2.9870e-06	-6.5284e-06	1.3594e-08	2.7462e-08	-1.9908e-09	-2.9870e-06	1
1.0000e+07	6.7190e-01	6.8112e-01	6.8112e-01	2.6875e-01	-3.1543e-06	-6.2478e-06	-1.3272e-07	3.6610e-08	1.3274e-08	-3.1543e-06	1
1.0000e+07	6.9955e-01	7.5611e-01	7.5611e-01	2.8050e-01	-7.4773e-06	-1.0614e-05	-3.7763e-08	5.2819e-08	1.7601e-08	-7.4773e-06	1
1.0000e+07	7.2289e-01	8.0785e-01	8.0785e-01	2.9900e-01	-1.4946e-05	-4.8289e-06	-1.9313e-07	6.3294e-08	-1.7038e-09	-1.4946e-05	1
1.0000e+07	7.4113e-01	8.5109e-01	8.5109e-01	3.1269e-01	4.4163e-07	1.0535e-05	-5.8093e-08	5.0898e-08	2.0552e-08	4.4163e-07	1
1.0000e+07	7.5910e-01	8.8806e-01	8.8806e-01	3.3089e-01	-1.6620e-05	9.1802e-06	-3.7764e-08	5.6805e-08	3.6118e-09	-1.6620e-05	1
1.0000e+07	7.7802e-01	9.0375e-01	9.0375e-01	3.6455e-01	3.4646e-06	2.0602e-05	1.6476e-07	6.6507e-08	4.3516e-09	3.4646e-06	1
1.0000e+07	7.9532e-01	9.2978e-01	9.2978e-01	3.9036e-01	1.6890e-05	1.3903e-06	2.8343e-08	4.0283e-08	-6.8578e-09	1.6890e-05	1
1.0000e+07	8.1296e-01	9.3366e-01	9.3366e-01	4.3261e-01	5.1102e-06	2.7529e-05	-7.0824e-08	3.2397e-08	5.7612e-09	5.1102e-06	1
1.0000e+07	8.3004e-01	9.4955e-01	9.4955e-01	4.6766e-01	1.5677e-06	-1.5823e-05	1.5738e-10	6.4016e-08	-5.5142e-09	1.5677e-06	1
1.0000e+07	8.4723e-01	9.5076e-01	9.5076e-01	5.1521e-01	-7.8357e-06	-8.4567e-06	-3.6178e-11	3.7424e-08	-7.2375e-09	-7.8357e-06	1
1.0000e+07	8.6415e-01	9.6480e-01	9.6480e-01	5.5460e-01	-9.8872e-06	6.4660e-06	-6.3141e-09	4.1919e-08	-7.5767e-09	-9.8872e-06	1
1.0000e+07	8.8111e-01	9.7043e-01	9.7043e-01	6.0229e-01	-3.4275e-06	4.5729e-06	5.3505e-08	5.5384e-08	-5.3453e-09	-3.4275e-06	1
1.0000e+07	8.9808e-01	9.6826e-01	9.6826e-01	6.5836e-01	-1.2301e-05	1.8915e-06	3.6919e-08	4.4014e-08	-1.7861e-08	-1.2301e-05	1
1.0000e+07	9.1498e-01	9.7048e-01	9.7048e-01	7.1287e-01	-6.0108e-06	-1.0315e-05	-4.4893e-08	1.8142e-08	-2.6947e-08	-6.0108e-06	1
1.0000e+07	9.3182e-01	9.7815e-01	9.7815e-01	7.6440e-01	-5.1478e-06	-2.2030e-05	-6.5059e-09	6.0770e-09	-1.2982e-08	-5.1478e-06	1
1.0000e+07	9.4869e-01	9.7793e-01	9.7793e-01	8.2505e-01	-1.2315e-05	-2.2759e-05	3.3191e-09	5.5573e-09	-1.8160e-08	-1.2315e-05	1
1.0000e+07	9.6543e-01	9.8305e-01	9.8305e-01	8.8227e-01	-1.5013e-05	-1.5969e-05	3.4862e-08	1.9064e-08	-5.1326e-08	-1.5013e-05	1
1.0000e+07	9.8229e-01	9.8531e-01	9.8531e-01	9.4469e-01	-2.2943e-05	1.3521e-05	1.8472e-08	-2.6346e-09	-1.0032e-08	-2.2943e-05	1
