# Result from steady state upscaling
# Pressuredrop  Sw  Krxx  Kryy  Krzz
1.0000e+11	9.7709e-04	9.3407e-07	9.3407e-07	9.9347e-07	-1.1682e-11	-4.5912e-12	-3.0400e-14	-9.9404e-14	-9.3678e-14	-1.1682e-11	1
1.0000e+11	1.9541e-02	3.4215e-04	3.4215e-04	4.5372e-04	-3.9113e-09	-1.7587e-09	-6.1460e-12	-4.5161e-11	-4.3137e-11	-3.9113e-09	1
1.0000e+11	3.7313e-02	1.1638e-03	1.1637e-03	1.7754e-03	-1.4596e-08	-6.2169e-09	1.0059e-10	-1.7332e-10	-1.6921e-10	-1.4596e-08	1
1.0000e+11	5.1598e-02	6.2239e-04	6.2226e-04	5.7210e-03	5.2588e-09	-8.3644e-10	3.0443e-11	-5.3046e-10	-5.4207e-10	5.2588e-09	1
1.0000e+11	6.8498e-02	1.1289e-03	1.1285e-03	1.0043e-02	8.8573e-08	-4.5429e-09	1.9549e-10	-6.0610e-10	-9.5018e-10	8.8573e-08	1
1.0000e+11	8.5754e-02	4.1212e-03	4.1193e-03	1.1765e-02	4.6108e-08	-2.1778e-08	2.7613e-10	-7.8068e-10	-1.1192e-09	4.6108e-08	1
1.0000e+11	1.0252e-01	5.6954e-03	5.6864e-03	1.6754e-02	2.9151e-07	-2.1419e-08	4.6151e-10	-2.1489e-10	-1.5952e-09	2.9151e-07	1
1.0000e+11	1.2054e-01	9.3489e-03	9.3360e-03	2.2730e-02	5.1227e-07	-4.4176e-08	9.4866e-10	2.5925e-10	-2.1653e-09	5.1227e-07	1
1.0000e+11	1.3708e-01	1.1739e-02	1.1712e-02	2.9600e-02	1.0602e-06	-7.3120e-08	6.5892e-10	1.8317e-09	-2.7918e-09	1.0602e-06	1
1.0000e+11	1.5435e-01	1.5496e-02	1.5453e-02	3.7160e-02	1.7552e-06	-8.4138e-08	1.8049e-09	4.1223e-09	-3.5185e-09	1.7552e-06	1
1.0000e+11	1.7119e-01	1.9284e-02	1.9247e-02	4.5510e-02	1.8512e-06	-1.1409e-07	1.3525e-09	3.9332e-09	-4.2878e-09	1.8512e-06	1
1.0000e+11	1.9523e-01	3.0104e-02	3.0083e-02	5.2430e-02	1.1493e-06	-1.4599e-07	4.9827e-09	1.0147e-09	-4.9693e-09	1.1493e-06	1
1.0000e+11	2.0612e-01	3.0318e-02	3.0239e-02	6.4148e-02	4.2840e-06	-1.5814e-07	3.0391e-09	1.2188e-08	-6.0596e-09	4.2840e-06	1
1.0000e+11	2.2318e-01	3.6360e-02	3.6137e-02	7.4592e-02	9.0727e-06	-1.5891e-07	7.1157e-09	3.0889e-08	-7.0729e-09	9.0727e-06	1
1.0000e+11	2.3993e-01	4.2819e-02	4.2641e-02	8.5485e-02	9.7433e-06	-2.5338e-07	2.3663e-09	3.2458e-08	-8.0838e-09	9.7433e-06	1
1.0000e+11	2.5931e-01	5.2617e-02	5.2271e-02	9.6761e-02	1.5283e-05	-2.9496e-07	3.9147e-10	5.4186e-08	-9.1995e-09	1.5283e-05	1
1.0000e+11	2.7591e-01	6.0381e-02	6.0090e-02	1.0891e-01	1.6537e-05	-3.2377e-07	6.2165e-09	5.8210e-08	-1.0291e-08	1.6537e-05	1
1.0000e+11	2.8965e-01	6.6502e-02	6.5399e-02	1.2134e-01	3.3732e-05	-3.0983e-07	-2.9705e-09	1.2567e-07	-1.1435e-08	3.3732e-05	1
1.0000e+11	3.1009e-01	7.9324e-02	7.8337e-02	1.3481e-01	3.9070e-05	-4.5557e-07	-1.1510e-08	1.4720e-07	-1.2871e-08	3.9070e-05	1
1.0000e+11	3.2689e-01	8.9711e-02	8.8332e-02	1.4842e-01	5.2923e-05	-4.8847e-07	1.2471e-09	2.0098e-07	-1.4060e-08	5.2923e-05	1
