# Result from steady state upscaling
# Pressuredrop  Sw  Krxx  Kryy  Krzz
1.0000e+11	9.7709e-04	9.9816e-01	9.9816e-01	9.9796e-01	-1.3740e-05	4.1137e-06	4.7185e-09	-1.3885e-08	-6.6741e-08	-1.3740e-05	1
1.0000e+11	1.9541e-02	9.6492e-01	9.6492e-01	9.5771e-01	-1.3595e-05	-6.9306e-06	-1.2552e-07	-7.9294e-08	-1.9709e-08	-1.3595e-05	1
1.0000e+11	3.7313e-02	9.3678e-01	9.3678e-01	9.1692e-01	-1.9227e-05	-2.4579e-07	-1.2771e-07	1.4714e-08	-5.7299e-08	-1.9227e-05	1
1.0000e+11	5.1598e-02	9.5708e-01	9.5708e-01	8.4352e-01	-9.0242e-06	-2.6568e-05	1.3537e-07	2.3052e-08	-2.7708e-09	-9.0242e-06	1
1.0000e+11	6.8498e-02	9.4248e-01	9.4248e-01	7.9582e-01	5.5834e-07	2.1144e-05	5.1225e-08	4.7644e-08	-1.5662e-08	5.5834e-07	1
1.0000e+11	8.5754e-02	8.9478e-01	8.9477e-01	7.7918e-01	-2.0464e-05	-2.4361e-05	2.6123e-09	-7.4205e-08	-3.8382e-08	-2.0464e-05	1
1.0000e+11	1.0252e-01	8.7774e-01	8.7773e-01	7.3659e-01	-1.3415e-05	-1.3002e-05	3.3798e-08	-6.5954e-08	-3.7226e-08	-1.3415e-05	1
1.0000e+11	1.2054e-01	8.4204e-01	8.4202e-01	7.0888e-01	-1.0588e-05	-1.2132e-05	-8.8215e-08	3.2102e-08	-1.3467e-08	-1.0588e-05	1
1.0000e+11	1.3708e-01	8.2585e-01	8.2582e-01	6.6890e-01	-1.1765e-05	-8.0128e-06	2.0319e-08	5.8395e-08	1.0746e-08	-1.1765e-05	1
1.0000e+11	1.5435e-01	8.0109e-01	8.0105e-01	6.3595e-01	-1.0560e-05	-6.3942e-06	-1.6649e-07	4.3473e-08	3.5280e-09	-1.0560e-05	1
1.0000e+11	1.7119e-01	7.8044e-01	7.8040e-01	6.0186e-01	-7.2458e-06	1.4435e-06	-6.6651e-08	5.6922e-08	1.2763e-08	-7.2458e-06	1
1.0000e+11	1.9523e-01	7.1212e-01	7.1209e-01	5.9005e-01	2.8547e-06	2.4349e-05	2.8951e-08	-4.1304e-08	-2.0085e-08	2.8547e-06	1
1.0000e+11	2.0612e-01	7.2772e-01	7.2764e-01	5.4433e-01	-1.0103e-05	-6.9228e-06	8.1717e-08	6.1152e-08	-2.7378e-08	-1.0103e-05	1
1.0000e+11	2.2318e-01	7.0507e-01	7.0484e-01	5.1546e-01	-4.1842e-06	-1.6574e-05	-1.3789e-07	6.2914e-08	1.1693e-08	-4.1842e-06	1
1.0000e+11	2.3993e-01	6.8344e-01	6.8326e-01	4.8777e-01	6.7780e-07	2.1558e-05	-1.5173e-09	7.7765e-08	6.5481e-09	6.7780e-07	1
1.0000e+11	2.5931e-01	6.4769e-01	6.4735e-01	4.6621e-01	3.3066e-06	-2.6553e-06	-3.7586e-08	7.7232e-08	-1.6492e-08	3.3066e-06	1
1.0000e+11	2.7591e-01	6.2739e-01	6.2709e-01	4.4033e-01	1.4420e-05	6.8314e-06	1.0876e-07	9.5296e-08	1.1154e-08	1.4420e-05	1
1.0000e+11	2.8965e-01	6.2141e-01	6.2028e-01	4.1176e-01	-7.0938e-06	2.1921e-05	5.0724e-09	7.4365e-08	4.9488e-09	-7.0938e-06	1
1.0000e+11	3.1009e-01	5.8293e-01	5.8192e-01	3.9312e-01	9.7923e-07	-9.2946e-06	-6.0199e-09	1.2986e-07	-4.6148e-09	9.7923e-07	1
1.0000e+11	3.2689e-01	5.6215e-01	5.6074e-01	3.7085e-01	9.1705e-06	-2.1847e-05	1.8147e-08	1.4721e-07	2.9278e-08	9.1705e-06	1
