# Result from steady state upscaling
# Pressuredrop  Sw  Krxx  Kryy  Krzz
1.0000e+05	9.6557e-04	9.9860e-01	9.9860e-01	9.9754e-01	-2.3026e-05	-2.5844e-06	1.4943e-07	1.0385e-08	5.7400e-09	-2.3026e-05	1
1.0000e+05	1.7656e-02	9.9734e-01	9.9734e-01	9.3315e-01	-1.7859e-05	-6.9041e-06	7.6450e-09	-5.9114e-08	6.6278e-09	-1.7859e-05	1
1.0000e+05	3.4467e-02	9.9473e-01	9.9473e-01	8.7168e-01	-1.2222e-05	-4.2416e-06	-5.2557e-08	4.8440e-09	1.9697e-08	-1.2222e-05	1
1.0000e+05	5.1299e-02	9.9221e-01	9.9221e-01	8.1207e-01	-1.4092e-05	-7.4196e-06	-1.2411e-07	2.2278e-08	6.8021e-09	-1.4092e-05	1
1.0000e+05	6.8148e-02	9.8928e-01	9.8928e-01	7.5480e-01	-2.6076e-05	-1.7486e-06	2.1714e-08	2.0390e-08	2.7721e-08	-2.6076e-05	1
1.0000e+05	8.5053e-02	9.8634e-01	9.8634e-01	6.9987e-01	-4.3730e-05	-1.0504e-05	-6.9192e-08	1.7052e-08	2.4019e-08	-4.3730e-05	1
1.0000e+05	1.0191e-01	9.8193e-01	9.8193e-01	6.4736e-01	-1.0777e-05	-3.6652e-06	-1.0348e-08	7.0282e-09	4.6353e-08	-1.0777e-05	1
1.0000e+05	1.1895e-01	9.7884e-01	9.7884e-01	5.9688e-01	-2.5755e-05	-2.4846e-06	2.2015e-08	3.5389e-08	4.1740e-08	-2.5755e-05	1
1.0000e+05	1.3600e-01	9.7429e-01	9.7429e-01	5.4884e-01	-9.8682e-06	-2.2293e-06	2.0462e-08	4.6434e-08	4.1295e-08	-9.8682e-06	1
1.0000e+05	1.5313e-01	9.6867e-01	9.6867e-01	5.0330e-01	-9.8258e-06	-2.4405e-06	2.0479e-08	5.0468e-08	4.5100e-08	-9.8258e-06	1
1.0000e+05	1.7036e-01	9.6138e-01	9.6138e-01	4.6060e-01	-2.4869e-05	-3.4556e-06	1.1147e-08	4.4756e-08	5.2187e-08	-2.4869e-05	1
1.0000e+05	1.8782e-01	9.5227e-01	9.5227e-01	4.2045e-01	-8.1730e-06	-5.7549e-06	7.8826e-09	4.6534e-08	5.5312e-08	-8.1730e-06	1
1.0000e+05	2.0550e-01	9.3925e-01	9.3925e-01	3.8407e-01	-7.9544e-06	-1.1072e-06	-7.7132e-08	4.7338e-08	4.5788e-08	-7.9544e-06	1
1.0000e+05	2.2373e-01	9.2134e-01	9.2134e-01	3.5111e-01	-1.0122e-05	1.0751e-06	-4.8110e-08	7.5806e-08	1.4929e-08	-1.0122e-05	1
1.0000e+05	2.4187e-01	8.9316e-01	8.9316e-01	3.2604e-01	-6.5995e-06	-3.3560e-07	-2.0387e-08	5.4368e-08	-1.7488e-09	-6.5995e-06	1
1.0000e+05	2.6051e-01	8.5623e-01	8.5623e-01	3.0631e-01	-1.8059e-05	2.5776e-06	1.2970e-07	-2.4125e-09	2.6970e-08	-1.8059e-05	1
1.0000e+05	2.8288e-01	8.0741e-01	8.0741e-01	2.8682e-01	-9.1166e-06	-5.1108e-06	-5.5250e-08	4.0931e-08	-8.4004e-09	-9.1166e-06	1
1.0000e+05	3.0657e-01	7.4378e-01	7.4378e-01	2.7490e-01	3.7221e-06	-1.1324e-05	3.2151e-08	2.4523e-08	3.1838e-09	3.7221e-06	1
1.0000e+05	3.2986e-01	6.7658e-01	6.7658e-01	2.6796e-01	1.3903e-05	1.5330e-05	3.5387e-08	4.8146e-08	7.7433e-09	1.3903e-05	1
1.0000e+05	3.5364e-01	6.0780e-01	6.0780e-01	2.6318e-01	-1.2547e-06	-4.0003e-06	2.5206e-08	3.6508e-08	1.1029e-09	-1.2547e-06	1
1.0000e+05	3.7773e-01	5.3994e-01	5.3994e-01	2.5976e-01	1.8663e-06	-8.6801e-06	7.3834e-08	2.3203e-08	-4.6324e-09	1.8663e-06	1
1.0000e+05	4.0203e-01	4.7446e-01	4.7446e-01	2.5714e-01	-1.0280e-05	1.0964e-05	-2.0739e-08	1.0707e-08	5.8482e-10	-1.0280e-05	1
1.0000e+05	4.2644e-01	4.1230e-01	4.1230e-01	2.5502e-01	-5.7784e-06	-4.3385e-06	-5.8332e-08	1.8838e-08	1.4868e-09	-5.7784e-06	1
1.0000e+05	4.5092e-01	3.5398e-01	3.5398e-01	2.5321e-01	-5.1570e-06	-3.7763e-06	-5.0027e-08	1.2699e-08	-1.9900e-09	-5.1570e-06	1
1.0000e+05	4.7544e-01	2.9982e-01	2.9982e-01	2.5157e-01	4.8999e-06	-5.2699e-06	-3.6100e-08	-1.5083e-09	-3.9593e-09	4.8999e-06	1
1.0000e+05	5.0000e-01	2.5001e-01	2.5001e-01	2.5001e-01	-2.8644e-06	-5.6034e-06	-2.0572e-08	-8.0409e-09	-6.2704e-09	-2.8644e-06	1
1.0000e+05	5.2455e-01	2.0473e-01	2.0473e-01	2.4843e-01	-1.5859e-06	-2.5600e-06	2.3041e-08	-4.5314e-09	-1.0411e-08	-1.5859e-06	1
1.0000e+05	5.4905e-01	1.6413e-01	1.6413e-01	2.4677e-01	-3.0136e-06	-7.3675e-07	-9.6559e-09	-9.8470e-09	-1.2818e-08	-3.0136e-06	1
1.0000e+05	5.7354e-01	1.2815e-01	1.2815e-01	2.4491e-01	-1.6148e-06	-8.6364e-07	-1.1343e-08	-1.9559e-08	-1.2617e-08	-1.6148e-06	1
1.0000e+05	5.9796e-01	9.6896e-02	9.6896e-02	2.4272e-01	2.2994e-06	1.7960e-06	-5.6651e-09	-1.4565e-08	-1.7741e-08	2.2994e-06	1
1.0000e+05	6.2226e-01	7.0399e-02	7.0399e-02	2.3998e-01	-3.1341e-06	1.4605e-06	-6.9819e-09	-1.7705e-08	-1.8550e-08	-3.1341e-06	1
1.0000e+05	6.4637e-01	4.8652e-02	4.8652e-02	2.3637e-01	1.1772e-06	-3.2858e-07	2.9272e-11	-2.0072e-08	-2.0769e-08	1.1772e-06	1
1.0000e+05	6.7051e-01	3.1391e-02	3.1391e-02	2.3120e-01	-1.9499e-07	9.8871e-07	4.8162e-09	-2.0189e-08	-2.1190e-08	-1.9499e-07	1
1.0000e+05	6.9344e-01	1.9052e-02	1.9052e-02	2.2396e-01	-2.3063e-07	-2.9019e-07	1.1685e-09	-2.1822e-08	-2.0005e-08	-2.3063e-07	1
1.0000e+05	7.1888e-01	1.0400e-02	1.0400e-02	2.0889e-01	-5.1268e-08	3.0411e-08	8.9248e-10	-2.0234e-08	-1.9471e-08	-5.1268e-08	1
1.0000e+05	7.4242e-01	7.6316e-03	7.6316e-03	1.7863e-01	-9.3112e-08	-9.7299e-08	3.1453e-10	-1.7666e-08	-1.6858e-08	-9.3112e-08	1
1.0000e+05	7.5902e-01	3.5007e-03	3.5007e-03	1.6990e-01	-2.7426e-09	1.1617e-08	1.6445e-11	-1.6891e-08	-1.5987e-08	-2.7426e-09	1
1.0000e+05	7.7706e-01	1.9661e-03	1.9661e-03	1.4841e-01	-2.6714e-08	-1.1665e-07	2.0315e-10	-1.4788e-08	-1.4045e-08	-2.6714e-08	1
1.0000e+05	7.9503e-01	1.2332e-03	1.2332e-03	1.2433e-01	7.6371e-09	-1.3644e-08	-5.5240e-11	-1.2450e-08	-1.1735e-08	7.6371e-09	1
1.0000e+05	8.1270e-01	8.4942e-04	8.4942e-04	1.0101e-01	-1.7986e-08	3.9431e-09	1.6872e-10	-1.0107e-08	-9.5585e-09	-1.7986e-08	1
1.0000e+05	8.3005e-01	6.2554e-04	6.2554e-04	8.0694e-02	1.4891e-08	4.8875e-09	7.0015e-11	-8.0774e-09	-7.6444e-09	1.4891e-08	1
1.0000e+05	8.4721e-01	5.4401e-04	5.4401e-04	6.3767e-02	-1.1243e-08	-5.3455e-09	-7.5338e-11	-6.3978e-09	-6.0304e-09	-1.1243e-08	1
1.0000e+05	8.6423e-01	4.0789e-04	4.0789e-04	4.9166e-02	4.1319e-09	1.8708e-09	7.2806e-11	-4.9258e-09	-4.6725e-09	4.1319e-09	1
1.0000e+05	8.8119e-01	3.1304e-04	3.1304e-04	3.6878e-02	5.5759e-09	-5.6871e-09	-5.6412e-11	-3.6858e-09	-3.4889e-09	5.5759e-09	1
1.0000e+05	8.9810e-01	2.2753e-04	2.2753e-04	2.6556e-02	-5.3719e-10	-4.8461e-09	2.1787e-11	-2.6537e-09	-2.5011e-09	-5.3719e-10	1
1.0000e+05	9.1498e-01	2.0041e-04	2.0041e-04	1.8098e-02	-2.6105e-10	2.7544e-10	6.7019e-11	-1.8101e-09	-1.7117e-09	-2.6105e-10	1
1.0000e+05	9.3184e-01	1.3600e-04	1.3600e-04	1.1325e-02	-3.8563e-09	9.5888e-10	7.7238e-12	-1.1325e-09	-1.0724e-09	-3.8563e-09	1
1.0000e+05	9.4868e-01	9.1175e-05	9.1175e-05	6.3099e-03	-3.5638e-10	-1.7706e-10	-2.0928e-11	-6.3145e-10	-5.9678e-10	-3.5638e-10	1
1.0000e+05	9.6552e-01	6.0837e-05	6.0837e-05	2.5916e-03	-8.2920e-10	-2.6604e-10	-3.8854e-13	-2.5855e-10	-2.4441e-10	-8.2920e-10	1
1.0000e+05	9.8232e-01	2.6295e-05	2.6295e-05	6.9721e-04	-2.9011e-10	-2.1469e-10	-2.9014e-13	-6.9773e-11	-6.6079e-11	-2.9011e-10	1
