# Result from steady state upscaling
# Pressuredrop  Sw  Krxx  Kryy  Krzz
1.0000e+10	9.5158e-04	7.4681e-07	7.4681e-07	9.8053e-07	4.1220e-12	-5.3872e-12	-3.9091e-14	2.3927e-15	1.6415e-15	4.1220e-12	1
1.0000e+10	1.6988e-02	4.7796e-05	4.7796e-05	6.0022e-04	3.2098e-10	-4.4481e-10	6.3311e-13	1.0196e-12	2.7048e-13	3.2098e-10	1
1.0000e+10	3.3189e-02	1.0455e-04	1.0455e-04	2.4727e-03	6.0057e-10	-7.9819e-10	-4.1531e-12	4.3189e-12	9.2177e-13	6.0057e-10	1
1.0000e+10	4.9405e-02	1.7201e-04	1.7201e-04	5.6235e-03	8.5997e-10	-1.1821e-09	2.4518e-12	9.6836e-12	1.9797e-12	8.5997e-10	1
1.0000e+10	6.5640e-02	2.5229e-04	2.5229e-04	1.0316e-02	1.2868e-09	-5.4160e-10	-2.5892e-12	1.7792e-11	3.8954e-12	1.2868e-09	1
1.0000e+10	8.1896e-02	3.4760e-04	3.4760e-04	1.6417e-02	1.8850e-09	-2.6780e-09	3.0864e-12	2.8505e-11	6.4022e-12	1.8850e-09	1
1.0000e+10	9.8181e-02	4.6137e-04	4.6137e-04	2.4248e-02	2.5125e-09	-3.6054e-09	4.5380e-12	4.2069e-11	9.3970e-12	2.5125e-09	1
1.0000e+10	1.1450e-01	5.9927e-04	5.9927e-04	3.3717e-02	3.2712e-09	-4.7449e-09	6.2901e-12	5.8469e-11	1.3001e-11	3.2712e-09	1
1.0000e+10	1.3087e-01	7.6884e-04	7.6884e-04	4.5039e-02	4.1548e-09	-6.2094e-09	8.7609e-12	7.8093e-11	1.7372e-11	4.1548e-09	1
1.0000e+10	1.4730e-01	9.8179e-04	9.8179e-04	5.8283e-02	5.2445e-09	-7.9938e-09	1.0916e-11	1.0104e-10	2.2430e-11	5.2445e-09	1
1.0000e+10	1.6382e-01	1.2574e-03	1.2574e-03	7.3540e-02	1.0275e-08	-1.0848e-08	-4.7555e-12	1.2778e-10	3.0136e-11	1.0275e-08	1
1.0000e+10	1.8047e-01	1.6287e-03	1.6287e-03	9.0814e-02	9.6171e-09	-1.0195e-08	-1.6579e-11	1.5915e-10	3.6300e-11	9.6171e-09	1
1.0000e+10	1.9731e-01	2.1527e-03	2.1527e-03	1.1002e-01	1.2346e-08	-1.5025e-08	4.6885e-11	1.8973e-10	4.3143e-11	1.2346e-08	1
1.0000e+10	2.1444e-01	2.9329e-03	2.9329e-03	1.3082e-01	-3.8430e-09	-2.6916e-08	3.7605e-12	2.2801e-10	5.0154e-11	-3.8430e-09	1
1.0000e+10	2.3204e-01	4.1719e-03	4.1719e-03	1.5250e-01	-1.7314e-10	-8.7807e-08	-8.6036e-11	2.6649e-10	5.9940e-11	-1.7314e-10	1
1.0000e+10	2.5039e-01	6.2572e-03	6.2572e-03	1.7375e-01	3.2853e-08	-2.6805e-08	-1.0981e-10	3.0066e-10	5.8063e-11	3.2853e-08	1
1.0000e+10	2.6989e-01	9.8987e-03	9.8986e-03	1.9277e-01	7.1250e-08	-6.0564e-08	-1.3081e-10	3.3616e-10	7.7044e-11	7.1250e-08	1
1.0000e+10	2.9102e-01	1.6094e-02	1.6094e-02	2.0831e-01	-3.3278e-09	-6.8027e-08	2.6352e-10	3.6733e-10	7.5633e-11	-3.3278e-09	1
1.0000e+10	3.1460e-01	2.5918e-02	2.5918e-02	2.2110e-01	-8.6702e-08	-5.4282e-07	-1.6600e-11	4.1422e-10	1.0492e-10	-8.6702e-08	1
1.0000e+10	3.4102e-01	4.1090e-02	4.1090e-02	2.3122e-01	2.1111e-07	-1.5091e-07	1.2546e-10	4.0357e-10	1.0401e-10	2.1111e-07	1
1.0000e+10	3.6740e-01	6.2081e-02	6.2081e-02	2.3705e-01	2.5375e-07	-2.0701e-07	2.3770e-10	4.1219e-10	1.0346e-10	2.5375e-07	1
1.0000e+10	3.9382e-01	8.8612e-02	8.8611e-02	2.4094e-01	3.8144e-07	-2.5380e-07	-6.6150e-10	5.7846e-10	8.0964e-11	3.8144e-07	1
1.0000e+10	4.2024e-01	1.2060e-01	1.2060e-01	2.4380e-01	4.7905e-07	-2.6658e-07	-7.1741e-10	5.9915e-10	3.9759e-11	4.7905e-07	1
1.0000e+10	4.4660e-01	1.5796e-01	1.5796e-01	2.4606e-01	4.4958e-07	-3.4975e-07	-5.2370e-10	6.9758e-10	2.3127e-11	4.4958e-07	1
1.0000e+10	4.7282e-01	2.0050e-01	2.0049e-01	2.4797e-01	3.2640e-07	-2.9770e-07	4.3524e-11	1.2391e-10	2.1152e-11	3.2640e-07	1
1.0000e+10	5.0000e-01	2.5000e-01	2.5000e-01	2.5000e-01	3.2524e-11	3.7614e-11	3.2390e-12	-1.3551e-14	8.2796e-14	3.2524e-11	1
1.0000e+10	5.2734e-01	3.0550e-01	3.0550e-01	2.5204e-01	-9.2309e-07	-5.2056e-07	-5.8545e-12	-2.0245e-11	-4.8281e-11	-9.2309e-07	1
1.0000e+10	5.5391e-01	3.6481e-01	3.6480e-01	2.5401e-01	-1.2645e-06	-5.8160e-07	6.6108e-11	-1.3588e-10	-9.4752e-11	-1.2645e-06	1
1.0000e+10	5.8070e-01	4.2950e-01	4.2950e-01	2.5635e-01	-1.4155e-06	-8.2445e-07	1.6521e-10	-2.5097e-10	-1.3133e-10	-1.4155e-06	1
1.0000e+10	6.0768e-01	4.9905e-01	4.9904e-01	2.5938e-01	-1.4839e-06	-1.0846e-06	2.7114e-10	-3.1153e-10	-1.4691e-10	-1.4839e-06	1
1.0000e+10	6.3498e-01	5.7277e-01	5.7276e-01	2.6378e-01	-1.5974e-06	-1.2450e-06	3.8625e-10	-3.2100e-10	-1.4040e-10	-1.5974e-06	1
1.0000e+10	6.6288e-01	6.4861e-01	6.4861e-01	2.7147e-01	-1.8259e-06	-1.2834e-06	5.1806e-10	-3.9951e-10	-1.1665e-10	-1.8259e-06	1
1.0000e+10	6.9153e-01	7.1582e-01	7.1582e-01	2.8961e-01	-2.2050e-06	-1.2498e-06	6.2640e-10	-8.7678e-10	-9.6054e-11	-2.2050e-06	1
1.0000e+10	7.1297e-01	7.6491e-01	7.6491e-01	3.0494e-01	-2.3765e-06	-1.3483e-06	6.7964e-10	-1.0766e-09	-1.0268e-10	-2.3765e-06	1
1.0000e+10	7.3254e-01	8.0474e-01	8.0474e-01	3.2318e-01	-2.4853e-06	-1.4914e-06	7.0507e-10	-1.2260e-09	-1.2178e-10	-2.4853e-06	1
1.0000e+10	7.5103e-01	8.3574e-01	8.3574e-01	3.4583e-01	-2.5530e-06	-1.6540e-06	7.0175e-10	-1.3336e-09	-1.5131e-10	-2.5530e-06	1
1.0000e+10	7.6879e-01	8.5965e-01	8.5965e-01	3.7257e-01	-2.6069e-06	-1.8052e-06	6.7679e-10	-1.4004e-09	-1.8571e-10	-2.6069e-06	1
1.0000e+10	7.8605e-01	8.7828e-01	8.7828e-01	4.0297e-01	-2.6759e-06	-1.9138e-06	6.3942e-10	-1.4341e-09	-2.1914e-10	-2.6759e-06	1
1.0000e+10	8.0299e-01	8.9317e-01	8.9317e-01	4.3654e-01	-2.7786e-06	-1.9578e-06	5.9238e-10	-1.4402e-09	-2.4786e-10	-2.7786e-06	1
1.0000e+10	8.1972e-01	9.0542e-01	9.0542e-01	4.7292e-01	-2.9170e-06	-1.9283e-06	5.3748e-10	-1.4183e-09	-2.6770e-10	-2.9170e-06	1
1.0000e+10	8.3630e-01	9.1572e-01	9.1572e-01	5.1191e-01	-3.0774e-06	-1.8326e-06	4.7350e-10	-1.3679e-09	-2.7558e-10	-3.0774e-06	1
1.0000e+10	8.5278e-01	9.2471e-01	9.2471e-01	5.5321e-01	-3.2296e-06	-1.6959e-06	4.0152e-10	-1.2832e-09	-2.6799e-10	-3.2296e-06	1
1.0000e+10	8.6918e-01	9.3277e-01	9.3277e-01	5.9667e-01	-3.3399e-06	-1.5557e-06	3.2148e-10	-1.1667e-09	-2.5015e-10	-3.3399e-06	1
1.0000e+10	8.8553e-01	9.4012e-01	9.4012e-01	6.4222e-01	-3.3786e-06	-1.4512e-06	2.3429e-10	-1.0232e-09	-2.2864e-10	-3.3786e-06	1
1.0000e+10	9.0184e-01	9.4693e-01	9.4693e-01	6.8979e-01	-3.3267e-06	-1.4047e-06	1.5040e-10	-8.5803e-10	-1.6322e-10	-3.3267e-06	1
1.0000e+10	9.1812e-01	9.5371e-01	9.5371e-01	7.3897e-01	-3.1834e-06	-1.4376e-06	7.5361e-11	-6.9412e-10	-5.7807e-11	-3.1834e-06	1
1.0000e+10	9.3437e-01	9.6007e-01	9.6007e-01	7.9017e-01	-2.9575e-06	-1.5758e-06	-3.4570e-13	-5.3080e-10	-6.8814e-12	-2.9575e-06	1
1.0000e+10	9.5060e-01	9.6698e-01	9.6698e-01	8.4248e-01	-2.6768e-06	-1.7032e-06	-3.0714e-11	-3.9293e-10	3.9914e-10	-2.6768e-06	1
1.0000e+10	9.6682e-01	9.7423e-01	9.7423e-01	8.9610e-01	-2.3567e-06	-2.0831e-06	-7.5045e-11	-2.5192e-10	5.8285e-11	-2.3567e-06	1
1.0000e+10	9.8301e-01	9.8445e-01	9.8445e-01	9.4837e-01	-2.0528e-06	-2.4406e-06	-1.7570e-10	-1.5760e-10	-1.8766e-11	-2.0528e-06	1
