# Result from steady state upscaling
# Pressuredrop  Sw  Krxx  Kryy  Krzz
1.0000e+09	9.6926e-04	9.9813e-01	9.9813e-01	9.9800e-01	8.2099e-10	-4.5718e-09	8.6067e-12	-1.3534e-12	5.2354e-13	8.2099e-10	1
1.0000e+09	3.3530e-02	9.5371e-01	9.5371e-01	9.1488e-01	-2.1829e-06	-2.3332e-06	-7.9614e-11	-8.7943e-11	-6.4386e-11	-2.1829e-06	1
1.0000e+09	6.5536e-02	9.2392e-01	9.2392e-01	8.2469e-01	-2.7379e-06	-1.7629e-06	-3.0795e-11	-1.1526e-10	-1.1275e-10	-2.7379e-06	1
1.0000e+09	9.7890e-02	8.9713e-01	8.9713e-01	7.3575e-01	-3.1960e-06	-1.3302e-06	2.4463e-11	-1.9342e-10	-1.6226e-10	-3.1960e-06	1
1.0000e+09	1.3040e-01	8.7046e-01	8.7046e-01	6.5170e-01	-3.4734e-06	-1.0719e-06	1.1003e-10	-3.0372e-10	-2.0602e-10	-3.4734e-06	1
1.0000e+09	1.6304e-01	8.4234e-01	8.4234e-01	5.7406e-01	-3.5162e-06	-9.9388e-07	2.1309e-10	-4.2662e-10	-2.3592e-10	-3.5162e-06	1
1.0000e+09	1.9587e-01	8.1057e-01	8.1057e-01	5.0438e-01	-3.3549e-06	-1.0174e-06	3.0815e-10	-5.2481e-10	-2.4393e-10	-3.3549e-06	1
1.0000e+09	2.2900e-01	7.7299e-01	7.7299e-01	4.4383e-01	-3.1042e-06	-1.0196e-06	3.7720e-10	-5.6527e-10	-2.2938e-10	-3.1042e-06	1
1.0000e+09	2.6260e-01	7.2681e-01	7.2681e-01	3.9394e-01	-2.8932e-06	-9.0855e-07	3.9566e-10	-5.1851e-10	-2.0009e-10	-2.8932e-06	1
1.0000e+09	2.9670e-01	6.7025e-01	6.7025e-01	3.5595e-01	6.1732e-07	-1.0517e-05	-2.5503e-09	-1.1986e-09	-2.1967e-09	6.1732e-07	1
1.0000e+09	3.3112e-01	6.0616e-01	6.0616e-01	3.2875e-01	-9.0989e-07	-1.0694e-05	-1.9200e-09	-7.9734e-10	3.4623e-10	-9.0989e-07	1
1.0000e+09	3.6749e-01	5.3788e-01	5.3788e-01	3.0488e-01	-2.4362e-06	-1.0794e-05	2.4337e-09	2.0682e-09	7.4335e-10	-2.4362e-06	1
1.0000e+09	4.2273e-01	4.2569e-01	4.2569e-01	2.6721e-01	-1.6828e-06	-8.3367e-06	1.6092e-09	1.5997e-09	4.2670e-10	-1.6828e-06	1
1.0000e+09	5.7395e-01	1.5223e-01	1.5223e-01	2.3406e-01	9.2562e-07	-9.0697e-07	6.3624e-11	4.2724e-10	1.0601e-10	9.2562e-07	1
