# Result from steady state upscaling
# Pressuredrop  Sw  Krxx  Kryy  Krzz
1.0000e+09	9.6926e-04	8.0340e-07	8.0340e-07	9.8788e-07	4.6151e-12	-5.9500e-12	-1.9790e-14	1.7769e-15	6.5556e-16	4.6151e-12	1
1.0000e+09	3.3530e-02	8.1995e-04	8.1995e-04	1.7648e-03	4.7008e-09	-5.9352e-09	2.7736e-11	2.0979e-12	-4.7088e-13	4.7008e-09	1
1.0000e+09	6.5536e-02	2.3960e-03	2.3960e-03	6.6734e-03	1.2642e-08	-1.7907e-08	-5.0901e-11	9.7513e-12	2.1889e-12	1.2642e-08	1
1.0000e+09	9.7890e-02	4.4741e-03	4.4741e-03	1.5743e-02	2.4168e-08	-3.3712e-08	-8.6883e-11	4.3184e-11	5.5592e-12	2.4168e-08	1
1.0000e+09	1.3040e-01	7.1902e-03	7.1902e-03	2.9859e-02	3.8104e-08	-5.4444e-08	-2.7541e-10	7.9571e-11	1.0588e-11	3.8104e-08	1
1.0000e+09	1.6304e-01	1.0791e-02	1.0791e-02	4.8965e-02	5.6261e-08	-8.2384e-08	-4.6809e-10	1.1255e-10	1.6839e-11	5.6261e-08	1
1.0000e+09	1.9587e-01	1.5803e-02	1.5803e-02	7.2758e-02	8.5726e-08	-1.1219e-07	-1.4430e-11	1.2688e-10	2.9099e-11	8.5726e-08	1
1.0000e+09	2.2900e-01	2.3084e-02	2.3084e-02	1.0023e-01	1.2612e-07	-1.6112e-07	-2.6519e-11	1.7481e-10	4.0100e-11	1.2612e-07	1
1.0000e+09	2.6260e-01	3.4199e-02	3.4199e-02	1.2896e-01	1.8425e-07	-2.3585e-07	-4.4024e-11	2.2449e-10	5.0829e-11	1.8425e-07	1
1.0000e+09	2.9670e-01	5.1655e-02	5.1655e-02	1.5540e-01	2.7386e-07	-3.5455e-07	-4.2619e-11	2.7089e-10	6.0525e-11	2.7386e-07	1
1.0000e+09	3.3112e-01	7.8054e-02	7.8054e-02	1.7702e-01	4.1584e-07	-5.3338e-07	-3.2615e-11	3.0889e-10	6.8157e-11	4.1584e-07	1
1.0000e+09	3.6749e-01	1.1234e-01	1.1234e-01	1.9788e-01	6.2794e-07	-7.4364e-07	-1.6562e-11	3.5180e-10	8.0358e-11	6.2794e-07	1
1.0000e+09	4.2273e-01	1.5057e-01	1.5057e-01	2.3292e-01	9.9046e-07	-9.4064e-07	1.6461e-11	4.3888e-10	1.0602e-10	9.9046e-07	1
1.0000e+09	5.7395e-01	4.1627e-01	4.1627e-01	2.6608e-01	-1.1715e-06	-7.6885e-06	1.4229e-09	1.3389e-09	1.1110e-10	-1.1715e-06	1
