# Result from steady state upscaling
# Pressuredrop  Sw  Krxx  Kryy  Krzz
1.0000e+06	9.6557e-04	9.9860e-01	9.9860e-01	9.9754e-01	-9.0618e-06	-1.5555e-06	6.6339e-08	2.8357e-09	-7.5443e-09	-9.0618e-06	1
1.0000e+06	1.7656e-02	9.9734e-01	9.9734e-01	9.3315e-01	-1.7859e-05	-6.9041e-06	7.6450e-09	-5.9114e-08	6.6278e-09	-1.7859e-05	1
1.0000e+06	3.4467e-02	9.9473e-01	9.9473e-01	8.7168e-01	-1.2222e-05	-4.2416e-06	-5.2557e-08	4.8440e-09	1.9697e-08	-1.2222e-05	1
1.0000e+06	5.1299e-02	9.9221e-01	9.9221e-01	8.1207e-01	-8.6253e-06	-8.2344e-06	3.8094e-08	4.1955e-08	3.0477e-08	-8.6253e-06	1
1.0000e+06	6.8145e-02	9.8873e-01	9.8873e-01	7.5526e-01	-2.9140e-05	-4.6784e-06	1.8711e-09	2.1880e-08	2.2198e-09	-2.9140e-05	1
1.0000e+06	8.5012e-02	9.8541e-01	9.8541e-01	7.0027e-01	-1.2055e-05	-3.1785e-06	-1.7041e-08	2.6306e-08	1.7705e-08	-1.2055e-05	1
1.0000e+06	1.0190e-01	9.8090e-01	9.8090e-01	6.4818e-01	-1.3735e-05	-7.3533e-06	7.9467e-08	4.2392e-08	3.1520e-08	-1.3735e-05	1
1.0000e+06	1.1883e-01	9.7685e-01	9.7685e-01	5.9764e-01	-1.3628e-05	-7.3904e-06	7.9161e-08	4.7153e-08	3.6016e-08	-1.3628e-05	1
1.0000e+06	1.3581e-01	9.7193e-01	9.7193e-01	5.4967e-01	9.9598e-06	7.6882e-06	-8.7041e-09	5.2191e-08	4.0087e-08	9.9598e-06	1
1.0000e+06	1.5289e-01	9.6601e-01	9.6601e-01	5.0458e-01	-2.2681e-06	6.2086e-06	5.4126e-08	5.5846e-08	2.9685e-09	-2.2681e-06	1
1.0000e+06	1.7020e-01	9.6001e-01	9.6001e-01	4.6162e-01	-4.0524e-06	-1.4220e-05	-5.5066e-08	6.4634e-08	4.3233e-08	-4.0524e-06	1
1.0000e+06	1.8761e-01	9.5070e-01	9.5070e-01	4.2180e-01	7.5489e-06	-3.6738e-06	1.3679e-08	3.9276e-08	9.0564e-09	7.5489e-06	1
1.0000e+06	2.0526e-01	9.3780e-01	9.3780e-01	3.8546e-01	-2.7883e-06	2.2736e-05	2.1826e-08	7.6939e-08	-9.0061e-09	-2.7883e-06	1
1.0000e+06	2.2335e-01	9.1978e-01	9.1978e-01	3.5289e-01	-1.9498e-05	-3.8427e-06	-4.4022e-08	3.8030e-08	1.0991e-08	-1.9498e-05	1
1.0000e+06	2.4123e-01	8.9111e-01	8.9111e-01	3.2855e-01	-1.8779e-05	2.6228e-06	1.3496e-07	-3.6477e-09	2.6797e-08	-1.8779e-05	1
1.0000e+06	2.6056e-01	8.5629e-01	8.5629e-01	3.0617e-01	-1.8054e-05	2.5743e-06	1.2971e-07	-2.4141e-09	2.6949e-08	-1.8054e-05	1
1.0000e+06	2.7657e-01	8.0974e-01	8.0974e-01	2.9900e-01	-1.1851e-05	-1.2179e-06	-2.4944e-08	6.2958e-08	2.1472e-08	-1.1851e-05	1
1.0000e+06	3.0409e-01	7.4971e-01	7.4971e-01	2.7657e-01	-1.5793e-05	2.2541e-06	1.1354e-07	-3.0274e-09	2.2662e-08	-1.5793e-05	1
1.0000e+06	3.2964e-01	6.7719e-01	6.7719e-01	2.6804e-01	-2.3445e-05	7.8409e-06	1.2621e-08	4.9680e-08	6.1103e-09	-2.3445e-05	1
1.0000e+06	3.5336e-01	6.0859e-01	6.0859e-01	2.6325e-01	-1.7575e-06	4.9254e-06	-1.0992e-07	4.8522e-08	-4.7011e-09	-1.7575e-06	1
1.0000e+06	3.7719e-01	5.4142e-01	5.4142e-01	2.5985e-01	-1.1893e-05	4.8305e-06	2.3762e-08	4.2418e-08	-7.1479e-09	-1.1893e-05	1
1.0000e+06	4.0177e-01	4.7513e-01	4.7513e-01	2.5717e-01	-8.2053e-06	-6.0204e-06	-2.4629e-08	1.8777e-08	1.0853e-08	-8.2053e-06	1
1.0000e+06	4.2617e-01	4.1296e-01	4.1296e-01	2.5504e-01	-1.0796e-05	-6.6581e-06	3.6719e-08	3.3990e-08	-7.4078e-09	-1.0796e-05	1
1.0000e+06	4.0232e-01	4.8036e-01	4.8036e-01	2.6853e-01	-1.1475e-05	-9.3956e-06	4.1914e-08	-1.2254e-08	1.5602e-08	-1.1475e-05	1
1.0000e+06	4.3009e-01	4.1352e-01	4.1352e-01	2.6127e-01	-1.4194e-05	-1.4451e-06	-2.6475e-08	-6.6986e-09	1.6539e-09	-1.4194e-05	1
1.0000e+06	4.9996e-01	2.5007e-01	2.5007e-01	2.5000e-01	-2.8691e-06	-5.8771e-06	-6.0819e-09	7.9752e-09	-5.5986e-09	-2.8691e-06	1
1.0000e+06	5.2459e-01	2.0465e-01	2.0465e-01	2.4843e-01	2.7537e-06	-4.0437e-06	3.9541e-08	-1.7791e-09	-8.0323e-09	2.7537e-06	1
1.0000e+06	5.9760e-01	1.2664e-01	1.2664e-01	2.3060e-01	-1.9809e-06	-1.2336e-06	2.4091e-10	-2.1537e-08	-2.1210e-08	-1.9809e-06	1
1.0000e+06	5.7358e-01	1.2809e-01	1.2809e-01	2.4491e-01	1.4874e-06	1.2767e-06	7.8502e-09	-1.9859e-08	-1.0064e-08	1.4874e-06	1
1.0000e+06	5.9796e-01	9.6899e-02	9.6899e-02	2.4271e-01	-4.5434e-09	-1.5189e-06	-5.2918e-09	-1.4748e-08	-1.4371e-08	-4.5434e-09	1
1.0000e+06	6.2221e-01	7.0457e-02	7.0457e-02	2.3998e-01	-1.4045e-06	-1.9644e-06	-1.0757e-08	-1.6805e-08	-1.8313e-08	-1.4045e-06	1
1.0000e+06	6.4641e-01	4.8623e-02	4.8623e-02	2.3636e-01	-3.3600e-07	-7.3543e-07	-9.3084e-09	-2.1624e-08	-2.1021e-08	-3.3600e-07	1
1.0000e+06	6.7053e-01	3.1382e-02	3.1382e-02	2.3118e-01	4.0379e-07	2.7930e-07	-2.2993e-09	-2.0309e-08	-2.0815e-08	4.0379e-07	1
1.0000e+06	6.9624e-01	1.8182e-02	1.8182e-02	2.2185e-01	5.4802e-08	3.5780e-07	-3.8649e-09	-2.1258e-08	-2.0401e-08	5.4802e-08	1
1.0000e+06	7.2287e-01	1.1281e-02	1.1281e-02	1.9930e-01	-1.8212e-07	-1.5697e-07	5.1030e-10	-1.9709e-08	-1.8509e-08	-1.8212e-07	1
1.0000e+06	7.4113e-01	6.5061e-03	6.5061e-03	1.8600e-01	-1.3372e-07	-6.4821e-08	1.1141e-10	-1.8482e-08	-1.7521e-08	-1.3372e-07	1
1.0000e+06	7.5918e-01	3.5808e-03	3.5808e-03	1.6910e-01	-1.0500e-07	-5.4723e-08	2.4588e-10	-1.6723e-08	-1.5896e-08	-1.0500e-07	1
1.0000e+06	7.7764e-01	2.2577e-03	2.2577e-03	1.4516e-01	-2.0811e-08	-2.4399e-08	1.8087e-10	-1.4448e-08	-1.3661e-08	-2.0811e-08	1
1.0000e+06	7.9544e-01	1.5130e-03	1.5130e-03	1.2165e-01	-2.3497e-08	-8.1598e-09	1.9153e-10	-1.2232e-08	-1.1444e-08	-2.3497e-08	1
1.0000e+06	8.1302e-01	1.3959e-03	1.3959e-03	9.8294e-02	-2.1108e-08	-1.6761e-08	1.5487e-10	-9.8663e-09	-9.2831e-09	-2.1108e-08	1
1.0000e+06	8.3010e-01	7.5904e-04	7.5904e-04	8.0668e-02	5.3920e-09	-9.9928e-09	1.1398e-10	-8.0789e-09	-7.6396e-09	5.3920e-09	1
1.0000e+06	8.4727e-01	7.7700e-04	7.7700e-04	6.3086e-02	-3.7460e-09	-1.3594e-08	1.9353e-11	-6.3119e-09	-5.9699e-09	-3.7460e-09	1
1.0000e+06	8.6426e-01	5.9690e-04	5.9690e-04	4.8739e-02	-6.0105e-09	-4.4259e-09	2.1236e-10	-4.9109e-09	-4.6077e-09	-6.0105e-09	1
1.0000e+06	8.8120e-01	4.6317e-04	4.6317e-04	3.6501e-02	1.4381e-09	-4.2818e-09	-2.0192e-12	-3.6563e-09	-3.4366e-09	1.4381e-09	1
1.0000e+06	8.9816e-01	8.7748e-04	8.7748e-04	2.3406e-02	-6.5588e-09	-8.2271e-09	2.1440e-11	-2.3323e-09	-2.2193e-09	-6.5588e-09	1
1.0000e+06	9.1498e-01	2.4163e-04	2.4163e-04	1.7940e-02	-1.6992e-09	-2.9834e-09	2.4637e-11	-1.7920e-09	-1.6946e-09	-1.6992e-09	1
1.0000e+06	9.3185e-01	2.6398e-04	2.6398e-04	1.0730e-02	-2.4332e-09	-1.0272e-09	4.1199e-11	-1.0690e-09	-1.0142e-09	-2.4332e-09	1
1.0000e+06	9.4869e-01	1.8324e-04	1.8324e-04	5.8288e-03	-1.1346e-09	7.2779e-10	4.4490e-11	-5.7909e-10	-5.4994e-10	-1.1346e-09	1
1.0000e+06	9.6554e-01	1.0587e-04	1.0587e-04	2.4764e-03	-9.2401e-10	-6.1555e-10	5.9833e-11	-2.4724e-10	-2.3535e-10	-9.2401e-10	1
1.0000e+06	9.8231e-01	2.6198e-05	2.6198e-05	6.9669e-04	-2.1865e-10	-1.5760e-11	-8.6982e-12	-6.9900e-11	-6.5821e-11	-2.1865e-10	1
