# Result from steady state upscaling
# Pressuredrop  Sw  Krxx  Kryy  Krzz
1.0000e+06	9.6557e-04	1.1461e-08	1.1461e-08	1.1999e-06	7.5348e-14	-1.9696e-13	-1.5910e-16	-1.1963e-13	-1.1360e-13	7.5348e-14	1
1.0000e+06	1.7656e-02	2.8349e-06	2.8349e-06	6.4162e-04	2.0868e-11	5.2011e-11	-3.2331e-13	-6.4013e-11	-6.0368e-11	2.0868e-11	1
1.0000e+06	3.4467e-02	1.1104e-05	1.1104e-05	2.5016e-03	2.7192e-10	-1.8616e-10	7.1299e-13	-2.4839e-10	-2.3523e-10	2.7192e-10	1
1.0000e+06	5.1299e-02	2.4615e-05	2.4615e-05	5.6589e-03	6.5671e-10	-5.0264e-10	2.7945e-12	-5.6809e-10	-5.3610e-10	6.5671e-10	1
1.0000e+06	6.8145e-02	4.8239e-05	4.8239e-05	1.0495e-02	-2.6824e-10	-5.3349e-10	-3.6356e-12	-1.0433e-09	-9.9686e-10	-2.6824e-10	1
1.0000e+06	8.5012e-02	7.9149e-05	7.9149e-05	1.6879e-02	1.3660e-09	9.8674e-10	4.4168e-12	-1.6774e-09	-1.5811e-09	1.3660e-09	1
1.0000e+06	1.0190e-01	1.2895e-04	1.2895e-04	2.5336e-02	-1.8654e-09	-2.0763e-09	-5.0840e-12	-2.5404e-09	-2.3734e-09	-1.8654e-09	1
1.0000e+06	1.1883e-01	1.8543e-04	1.8543e-04	3.5445e-02	1.3975e-09	-4.9024e-09	4.1444e-12	-3.5240e-09	-3.3727e-09	1.3975e-09	1
1.0000e+06	1.3581e-01	2.6444e-04	2.6444e-04	4.7818e-02	-4.2917e-09	2.8656e-09	7.8526e-11	-4.7865e-09	-4.4865e-09	-4.2917e-09	1
1.0000e+06	1.5289e-01	3.7475e-04	3.7475e-04	6.2996e-02	-4.5606e-11	-1.9978e-08	-4.8899e-11	-6.3144e-09	-5.9783e-09	-4.5606e-11	1
1.0000e+06	1.7020e-01	5.0253e-04	5.0253e-04	8.1157e-02	-3.0015e-08	1.8114e-08	-3.8358e-11	-8.1280e-09	-7.6657e-09	-3.0015e-08	1
1.0000e+06	1.8761e-01	7.3470e-04	7.3470e-04	1.0198e-01	-2.2808e-08	-1.9245e-08	1.3429e-10	-1.0227e-08	-9.6728e-09	-2.2808e-08	1
1.0000e+06	2.0526e-01	1.1276e-03	1.1276e-03	1.2521e-01	-4.0064e-08	-4.9178e-08	-3.1574e-10	-1.2510e-08	-1.1829e-08	-4.0064e-08	1
1.0000e+06	2.2335e-01	1.8224e-03	1.8224e-03	1.4984e-01	-2.4991e-08	5.6883e-09	2.8099e-11	-1.4980e-08	-1.4144e-08	-2.4991e-08	1
1.0000e+06	2.4123e-01	3.3494e-03	3.3494e-03	1.7122e-01	-3.2170e-08	-4.2509e-08	-9.4715e-11	-1.6976e-08	-1.6061e-08	-3.2170e-08	1
1.0000e+06	2.6056e-01	5.8221e-03	5.8221e-03	1.9228e-01	-1.6837e-07	-5.2848e-08	3.4678e-10	-1.9008e-08	-1.8020e-08	-1.6837e-07	1
1.0000e+06	2.7657e-01	1.1218e-02	1.1218e-02	1.9856e-01	-2.1714e-07	7.7646e-08	2.5140e-10	-1.9571e-08	-1.8646e-08	-2.1714e-07	1
1.0000e+06	3.0409e-01	1.8205e-02	1.8205e-02	2.2233e-01	-1.1057e-07	-7.7711e-07	-2.1183e-09	-2.0999e-08	-2.0383e-08	-1.1057e-07	1
1.0000e+06	3.2964e-01	3.1473e-02	3.1473e-02	2.3127e-01	-4.2369e-07	7.8921e-07	-2.1692e-09	-2.0752e-08	-1.9682e-08	-4.2369e-07	1
1.0000e+06	3.5336e-01	4.8438e-02	4.8438e-02	2.3630e-01	-1.3962e-06	-6.8392e-07	-3.3514e-09	-1.9847e-08	-1.9201e-08	-1.3962e-06	1
1.0000e+06	3.7719e-01	6.9867e-02	6.9867e-02	2.3989e-01	4.9257e-08	-2.5645e-06	-5.8386e-09	-1.7902e-08	-1.9998e-08	4.9257e-08	1
1.0000e+06	4.0177e-01	9.6584e-02	9.6584e-02	2.4268e-01	7.2636e-07	8.7965e-07	2.2111e-09	-1.6915e-08	-1.8738e-08	7.2636e-07	1
1.0000e+06	4.2617e-01	1.2775e-01	1.2775e-01	2.4488e-01	1.0923e-06	-3.3529e-06	-1.9219e-09	-1.7161e-08	-1.7882e-08	1.0923e-06	1
1.0000e+06	4.0232e-01	1.2662e-01	1.2662e-01	2.3041e-01	-1.9850e-06	-1.3901e-06	1.6150e-09	-2.1508e-08	-2.1105e-08	-1.9850e-06	1
1.0000e+06	4.3009e-01	1.5640e-01	1.5640e-01	2.3839e-01	-1.9412e-06	-1.7427e-06	-2.4669e-08	-2.0261e-08	-2.1165e-08	-1.9412e-06	1
1.0000e+06	4.9996e-01	2.4993e-01	2.4993e-01	2.5000e-01	2.3521e-06	-2.4189e-06	9.2185e-09	-4.4162e-10	-4.5585e-09	2.3521e-06	1
1.0000e+06	5.2459e-01	2.9988e-01	2.9988e-01	2.5157e-01	-9.5063e-07	-1.6125e-06	3.5993e-08	-1.8180e-08	-1.4320e-08	-9.5063e-07	1
1.0000e+06	5.9760e-01	4.8045e-01	4.8045e-01	2.6834e-01	-6.1292e-07	-1.7116e-05	-2.8712e-08	5.4032e-08	2.0862e-08	-6.1292e-07	1
1.0000e+06	5.7358e-01	4.1235e-01	4.1235e-01	2.5503e-01	-7.1777e-06	-6.5457e-06	2.5969e-08	1.2006e-08	-9.5924e-09	-7.1777e-06	1
1.0000e+06	5.9796e-01	4.7443e-01	4.7443e-01	2.5713e-01	-7.1267e-06	3.1669e-06	-1.4304e-08	-1.6305e-08	-6.7487e-09	-7.1267e-06	1
1.0000e+06	6.2221e-01	5.3977e-01	5.3977e-01	2.5975e-01	-2.1426e-06	-1.4893e-05	-5.8330e-08	4.1899e-08	2.1753e-08	-2.1426e-06	1
1.0000e+06	6.4641e-01	6.0794e-01	6.0794e-01	2.6320e-01	2.9346e-06	-5.9194e-06	5.5916e-08	3.3981e-08	3.7795e-09	2.9346e-06	1
1.0000e+06	6.7053e-01	6.7762e-01	6.7762e-01	2.6810e-01	-1.5151e-05	-8.3738e-06	7.2304e-09	3.6994e-08	2.1196e-08	-1.5151e-05	1
1.0000e+06	6.9624e-01	7.5002e-01	7.5002e-01	2.7706e-01	-1.6672e-05	-1.3987e-06	-9.7165e-09	4.5866e-08	2.9883e-08	-1.6672e-05	1
1.0000e+06	7.2287e-01	8.0808e-01	8.0808e-01	2.9882e-01	1.0849e-05	-1.9614e-06	-4.0654e-08	5.1769e-08	2.9386e-08	1.0849e-05	1
1.0000e+06	7.4113e-01	8.5132e-01	8.5132e-01	3.1255e-01	-1.8017e-05	2.4502e-06	4.5285e-08	-1.5734e-09	-4.5195e-10	-1.8017e-05	1
1.0000e+06	7.5918e-01	8.8817e-01	8.8817e-01	3.3100e-01	-1.1050e-05	-1.6770e-06	-4.9124e-09	7.7193e-08	1.5158e-08	-1.1050e-05	1
1.0000e+06	7.7764e-01	9.1197e-01	9.1197e-01	3.5894e-01	1.1436e-05	-2.2694e-05	-3.7807e-09	6.1136e-08	-1.9007e-08	1.1436e-05	1
1.0000e+06	7.9544e-01	9.2864e-01	9.2864e-01	3.9137e-01	-5.8620e-06	1.7939e-06	-1.2284e-07	3.6847e-08	-3.7175e-09	-5.8620e-06	1
1.0000e+06	8.1302e-01	9.3270e-01	9.3270e-01	4.3347e-01	-2.5150e-05	-9.0552e-06	-3.6551e-08	-1.0991e-08	-1.9255e-08	-2.5150e-05	1
1.0000e+06	8.3010e-01	9.5044e-01	9.5044e-01	4.6727e-01	-7.6032e-07	-1.6889e-06	-4.2919e-08	3.5448e-08	-1.3070e-08	-7.6032e-07	1
1.0000e+06	8.4727e-01	9.5044e-01	9.5044e-01	5.1563e-01	-1.0808e-06	-3.4785e-06	-5.8769e-09	3.1786e-08	-1.0645e-08	-1.0808e-06	1
1.0000e+06	8.6426e-01	9.5683e-01	9.5683e-01	5.6110e-01	-3.0005e-06	-1.1943e-05	2.8757e-08	2.1459e-08	1.7283e-08	-3.0005e-06	1
1.0000e+06	8.8120e-01	9.6216e-01	9.6216e-01	6.0920e-01	-5.1091e-06	4.7957e-06	-3.9916e-08	2.6972e-08	1.3425e-08	-5.1091e-06	1
1.0000e+06	8.9816e-01	9.4945e-01	9.4945e-01	6.7455e-01	3.9004e-06	-1.3313e-05	-9.1292e-08	-8.6390e-10	-4.3392e-08	3.9004e-06	1
1.0000e+06	9.1498e-01	9.7286e-01	9.7286e-01	7.1087e-01	-3.5310e-05	-3.5857e-05	7.7316e-08	2.6276e-08	-2.4138e-08	-3.5310e-05	1
1.0000e+06	9.3185e-01	9.7198e-01	9.7198e-01	7.7006e-01	3.2212e-06	1.6310e-05	2.2951e-09	-5.1711e-08	-5.4080e-08	3.2212e-06	1
1.0000e+06	9.4869e-01	9.7678e-01	9.7678e-01	8.2613e-01	1.7962e-05	8.5506e-06	-2.0925e-07	-4.7936e-08	-4.0487e-08	1.7962e-05	1
1.0000e+06	9.6554e-01	9.8243e-01	9.8243e-01	8.8329e-01	-7.3795e-06	-2.5491e-05	1.1088e-07	3.3556e-09	-6.0886e-08	-7.3795e-06	1
1.0000e+06	9.8231e-01	9.9130e-01	9.9130e-01	9.3893e-01	-3.6469e-05	2.2047e-05	9.6578e-08	-4.0450e-09	-4.4946e-08	-3.6469e-05	1
