# Result from steady state upscaling
# Pressuredrop  Sw  Krxx  Kryy  Krzz
1.0000e+10	9.6926e-04	9.9813e-01	9.9813e-01	9.9800e-01	8.3321e-10	-4.5551e-09	8.8845e-12	-1.3109e-12	5.8245e-13	8.3321e-10	1
1.0000e+10	3.3530e-02	9.5371e-01	9.5371e-01	9.1488e-01	-2.1829e-06	-2.3332e-06	-8.0911e-11	-8.7943e-11	-6.4410e-11	-2.1829e-06	1
1.0000e+10	6.5536e-02	9.2392e-01	9.2392e-01	8.2469e-01	-2.7379e-06	-1.7629e-06	-3.0549e-11	-1.1519e-10	-1.1272e-10	-2.7379e-06	1
1.0000e+10	9.7890e-02	8.9713e-01	8.9713e-01	7.3575e-01	-3.1960e-06	-1.3302e-06	2.5210e-11	-1.9344e-10	-1.6226e-10	-3.1960e-06	1
1.0000e+10	1.3040e-01	8.7046e-01	8.7046e-01	6.5170e-01	-3.4735e-06	-1.0719e-06	1.0994e-10	-3.0374e-10	-2.0606e-10	-3.4735e-06	1
1.0000e+10	1.6304e-01	8.4234e-01	8.4234e-01	5.7406e-01	-3.5162e-06	-9.9387e-07	2.1217e-10	-4.2658e-10	-2.3589e-10	-3.5162e-06	1
1.0000e+10	1.9587e-01	8.1057e-01	8.1057e-01	5.0438e-01	-3.3549e-06	-1.0174e-06	3.0913e-10	-5.2483e-10	-2.4397e-10	-3.3549e-06	1
1.0000e+10	2.2900e-01	7.7298e-01	7.7298e-01	4.4383e-01	-3.1042e-06	-1.0196e-06	3.7603e-10	-5.6520e-10	-2.2936e-10	-3.1042e-06	1
1.0000e+10	2.6259e-01	7.2673e-01	7.2673e-01	3.9402e-01	-2.8946e-06	-9.0727e-07	3.9490e-10	-5.1731e-10	-2.0003e-10	-2.8946e-06	1
1.0000e+10	2.9670e-01	6.7025e-01	6.7025e-01	3.5595e-01	6.1649e-07	-1.0517e-05	-2.5512e-09	-1.1985e-09	-2.1966e-09	6.1649e-07	1
1.0000e+10	3.3112e-01	6.0616e-01	6.0616e-01	3.2876e-01	-9.1060e-07	-1.0694e-05	-1.9203e-09	-7.9722e-10	3.4680e-10	-9.1060e-07	1
1.0000e+10	3.6749e-01	5.3788e-01	5.3788e-01	3.0488e-01	-2.4364e-06	-1.0794e-05	2.4342e-09	2.0683e-09	7.4353e-10	-2.4364e-06	1
1.0000e+10	4.2273e-01	4.2568e-01	4.2568e-01	2.6721e-01	-1.6853e-06	-8.3347e-06	1.6085e-09	1.5999e-09	4.2722e-10	-1.6853e-06	1
1.0000e+10	5.7395e-01	1.5223e-01	1.5223e-01	2.3407e-01	9.2648e-07	-9.0615e-07	6.3795e-11	4.2860e-10	1.1072e-10	9.2648e-07	1
