# Result from steady state upscaling
# Pressuredrop  Sw  Krxx  Kryy  Krzz
1.0000e+10	9.6926e-04	8.0340e-07	8.0340e-07	9.8788e-07	4.6151e-12	-5.9500e-12	-1.9791e-14	1.7769e-15	6.5557e-16	4.6151e-12	1
1.0000e+10	3.3530e-02	8.1995e-04	8.1995e-04	1.7648e-03	4.7008e-09	-5.9352e-09	2.7736e-11	2.0979e-12	-4.7087e-13	4.7008e-09	1
1.0000e+10	6.5536e-02	2.3960e-03	2.3960e-03	6.6734e-03	1.2642e-08	-1.7908e-08	-5.0901e-11	9.7513e-12	2.1890e-12	1.2642e-08	1
1.0000e+10	9.7890e-02	4.4742e-03	4.4742e-03	1.5743e-02	2.4168e-08	-3.3712e-08	-8.6683e-11	4.3177e-11	5.5597e-12	2.4168e-08	1
1.0000e+10	1.3040e-01	7.1903e-03	7.1903e-03	2.9859e-02	3.8105e-08	-5.4445e-08	-2.7501e-10	7.9551e-11	1.0588e-11	3.8105e-08	1
1.0000e+10	1.6304e-01	1.0791e-02	1.0791e-02	4.8964e-02	5.6264e-08	-8.2385e-08	-4.6730e-10	1.1253e-10	1.6840e-11	5.6264e-08	1
1.0000e+10	1.9587e-01	1.5803e-02	1.5803e-02	7.2757e-02	8.5728e-08	-1.1219e-07	-1.4437e-11	1.2688e-10	2.9099e-11	8.5728e-08	1
1.0000e+10	2.2900e-01	2.3085e-02	2.3085e-02	1.0022e-01	1.2613e-07	-1.6111e-07	-2.6533e-11	1.7482e-10	4.0101e-11	1.2613e-07	1
1.0000e+10	2.6259e-01	3.4229e-02	3.4229e-02	1.2891e-01	1.8442e-07	-2.3602e-07	-4.3980e-11	2.2444e-10	5.0835e-11	1.8442e-07	1
1.0000e+10	2.9670e-01	5.1657e-02	5.1657e-02	1.5540e-01	2.7386e-07	-3.5446e-07	-4.2471e-11	2.7093e-10	6.0625e-11	2.7386e-07	1
1.0000e+10	3.3112e-01	7.8055e-02	7.8055e-02	1.7702e-01	4.1582e-07	-5.3328e-07	-3.2546e-11	3.0891e-10	6.8487e-11	4.1582e-07	1
1.0000e+10	3.6749e-01	1.1235e-01	1.1235e-01	1.9787e-01	6.2795e-07	-7.4364e-07	-1.6652e-11	3.5181e-10	8.0392e-11	6.2795e-07	1
1.0000e+10	4.2273e-01	1.5058e-01	1.5058e-01	2.3292e-01	9.9037e-07	-9.4050e-07	1.6449e-11	4.3906e-10	1.0629e-10	9.9037e-07	1
1.0000e+10	5.7395e-01	4.1628e-01	4.1628e-01	2.6607e-01	-1.1610e-06	-7.6929e-06	1.4247e-09	1.3391e-09	1.1406e-10	-1.1610e-06	1
